6;8;8;8;8;2
-1;1
#
0,3758101; 0,8858427; -0,2693279; -0,682955; 0,8424402; -0,38906; 0,4937028
0,2025388; -0,8061019; -0,07552105; -0,0252701; 0,04429913; 0,2213849; -0,7211893
0,2450746; 0,3401894; -0,4275494; -0,8852863; 0,6670562; 0,1985527; 0,325171
-0,5507073; -0,375141; 0,1731115; 0,429852; 0,9246805; 0,02461326; -0,8237649
0,3692656; -0,8058145; -0,1684687; -0,1857613; 0,04414909; -0,8037511; 0,545249
-0,5730782; 0,4571818; 0,2078611; -0,2318114; 0,4301959; 0,763244; 0,6333332
0,5519886; 0,5614165; 0,4696392; 0,9108884; -0,09238995; -0,4198241; 0,3552308
1; -0,1748057; 0,03748648; -0,5710499; -0,1699272; 0,6882061; -0,04882491
#
0,04224515; -0,09623855; 0,3127335; -0,8633417; 0,3270962; 0,3624887; 0,5750713; 0,7841008; -0,2494268
-0,9442542; -0,2066299; 0,04071703; -0,5247163; -0,03901994; -0,8225228; 0,8119706; 0,8329803; -0,7638721
-0,3852173; -0,2337549; -0,04875637; 0,687716; -0,5821285; 0,4349212; 0,3295737; -0,6124626; -0,09071414
0,9188022; -0,06613627; 0,5463331; -0,3668326; -0,2174157; -0,4514283; 0,6175339; 0,4582686; 0,8692853
0,2588059; 0,7324625; 0,9961696; -0,1548919; -0,6856439; -0,3179936; -0,4494336; -0,61943; 0,220323
-0,2010053; 0,5349548; 0,8291627; 0,5385182; -0,9136901; 0,2124304; -0,09522637; -0,7515353; -0,3211541
-0,951456; 0,733577; 0,8353562; 0,52728; -0,3656386; -0,3130714; 0,7411064; 0,1543714; -0,07844818
0,8552874; 0,03917208; 0,9086062; 0,4046092; 0,1755087; 0,9888875; -0,1092749; -0,6659425; -0,6756292
#
0,02367531; 1; 0,2317993; -0,9889405; 0,4846227; -0,1235629; 1; 0,2651024; -0,3349085
-0,1682712; -1,059697; -0,5057597; 0,01885102; -0,5411183; -0,8086035; -0,4521929; -0,5430588; 0,2167974
-0,9771533; 0,5986898; -0,5313954; -0,08670829; 0,741801; 0,1582884; 0,6328172; 1; 0,9759863
-0,9840125; 0,2278975; -0,02789164; -0,8742716; -0,6036216; 0,6431807; -0,6011978; -0,6320746; -0,5257491
0,1318376; -0,6291904; -0,3725642; 0,4943804; -0,01511085; 0,9558575; -0,6131197; 0,852311; 0,8269606
-0,06707828; -0,5944784; -0,4639915; -0,6405079; -0,6427354; -0,6991994; -0,8389384; -0,6488522; 0,9130664
0,9133368; -0,911927; -0,6324043; -0,4201595; 0,1190579; -0,2789708; 0,2777109; 0,3355651; -0,7566963
0,01585758; -0,4865557; 0,4010234; 0,01354767; -0,5192639; 0,462485; -0,4721093; -0,7472403; 0,8747766
#
0,4118517; -0,2090369; -0,793064; -0,3469436; 0,7875327; -0,2530135; -0,05031683; 0,9625812; -0,7530758
-0,5150213; -0,3379842; -0,6916963; -0,1892902; -0,1893539; 0,3758969; -0,412819; -0,3897236; -0,3835702
0,3130023; 0,4874599; 0,3046388; 0,7299838; 0,7428329; 0,4704342; -0,3455621; 1,061734; -0,79233
0,233904; -0,1848191; 0,6208878; -0,486711; 0,1302866; -0,7344697; 0,1748453; -0,2981269; 0,8550604
-0,916016; -0,1932567; -0,7871606; -0,1631763; 0,3546714; 0,8224521; -0,03092349; -0,8587818; 0,07908571
-0,7464437; -0,1059699; -0,6380929; 0,5066003; 1,060685; -0,3001286; 0,4265938; 0,6956117; 0,4772409
-0,4876671; 0,2896476; 0,7983206; 0,9958403; 0,2312347; 0,0006396621; 0,3068962; -0,07575418; -0,6319432
0,7504883; 0,9210339; 0,3416011; 0,8774343; 0,5291898; 0,3521593; 0,1594155; -0,1524974; 0,08584088
#
0,4937019; -0,332781; -0,1002132; -0,7066864; 0,454992; -0,6529984; -0,03169625; 0,6969618; -0,1207804
0,1837186; -0,4345247; 0,4004165; -0,8245817; -0,8917673; -0,6997487; 0,8683728; -0,3883463; 0,8764935
