6;8;8;8;8;2
-1;1
#
0,3758101; 0,8858427; -0,2693279; -0,682955; 0,8424402; -0,3664294; 0,4937028
0,2072127; -0,8061019; -0,07552105; -0,05683221; 0,04429913; 0,2213849; -0,7211893
0,2450746; 0,3401894; -0,465535; -0,875907; 0,6670562; 0,1985527; 0,325171
-0,5507073; -0,375141; 0,1731115; 0,3844205; 0,9246805; 0,02461326; -0,7417085
0,3692656; -0,8058145; -0,1272869; -0,1857613; 0,04414909; -0,7216994; 0,545249
-0,5730782; 0,3868322; 0,2078611; -0,2318114; 0,4301959; 0,763244; 0,6333332
0,5519886; 0,5614165; 0,4696392; 0,9108884; -0,09317901; -0,4198241; 0,3552308
1; -0,1748057; 0,03748648; -0,5045924; -0,1699272; 0,6271727; -0,04882491
#
0,04224515; -0,1675809; 0,3048367; -0,8974399; 0,3270962; 0,3624887; 0,5750713; 0,7841008; -0,2494268
-0,9442542; -0,1739201; 0,04071703; -0,6147289; -0,03901994; -0,8225228; 0,8119706; 0,8329803; -0,7638721
-0,346846; -0,281139; -0,06731474; 0,687716; -0,5821285; 0,4349212; 0,3064307; -0,6124626; -0,165924
0,9188022; -0,09828055; 0,5463331; -0,3668326; -0,2174157; -0,4710335; 0,6175339; 0,4582686; 0,8692853
0,2588059; 0,7324625; 0,9961696; -0,2252049; -0,6856439; -0,3179936; -0,4494336; -0,61943; 0,220323
-0,2010053; 0,5349548; 0,8158275; 0,5784032; -0,9136901; 0,2124304; -0,09522637; -0,7515353; -0,3211541
-0,951456; 0,6796067; 0,8367491; 0,5318716; -0,3750743; -0,3130714; 0,7411064; 0,1543714; 0,01568997
0,949487; 0,03917208; 0,9086062; 0,4046092; 0,1755087; 0,9888875; -0,0975935; -0,669797; -0,6756292
#
0,02367531; 1,04619; 0,2317993; -0,9889405; 0,5320134; -0,1235629; 1; 0,1728295; -0,3349085
-0,1682712; -1; -0,5057597; 0,01885102; -0,5411183; -0,8086035; -0,517045; -0,5430588; 0,2167974
-0,9771533; 0,5986898; -0,5313954; -0,08670829; 0,664373; 0,1582884; 0,6328172; 1,026175; 0,9759863
-0,9669747; 0,236833; -0,02789164; -0,8742716; -0,6335202; 0,6680142; -0,6011978; -0,567183; -0,5231592
0,1967902; -0,6291904; -0,3725642; 0,4056708; -0,08678418; 1; -0,6131197; 0,8464034; 0,8235083
-0,1444083; -0,5944784; -0,4639915; -0,6405079; -0,6130825; -0,6991994; -0,8389384; -0,6525605; 0,9130664
0,9133368; -0,911927; -0,6324043; -0,4201595; 0,1190579; -0,2789708; 0,2777109; 0,3355651; -0,7029322
0,01585758; -0,4865557; 0,4010234; -0,04609653; -0,5192639; 0,471169; -0,4578992; -0,7472403; 0,8747766
#
0,4315852; -0,2090369; -0,793064; -0,3469436; 0,7320626; -0,3509973; -0,06215346; 0,9625812; -0,7530758
-0,5764284; -0,4208652; -0,6916963; -0,1892902; -0,1893539; 0,3758969; -0,412819; -0,3897236; -0,3835702
0,4043016; 0,4874599; 0,3046388; 0,7299838; 0,7341986; 0,4704342; -0,3455621; 1; -0,79233
0,2984783; -0,1848191; 0,6208878; -0,5078847; 0,08323944; -0,7344697; 0,1748453; -0,3622006; 0,8550604
-0,8851029; -0,2482976; -0,7871606; -0,1164774; 0,2632723; 0,8224521; -0,03092349; -0,8587818; 0,07908571
-0,7464437; -0,1059699; -0,5922284; 0,5066003; 0,9956942; -0,3001286; 0,4265938; 0,6956117; 0,4772409
-0,4625842; 0,2896476; 0,8502064; 0,9958403; 0,2312347; 0,0006396621; 0,3068962; -0,07575418; -0,6319432
0,7504883; 0,9210339; 0,3416011; 0,8892121; 0,5291898; 0,3521593; 0,2562639; -0,1524974; 0,123634
#
0,4937019; -0,332781; -0,1002132; -0,7066864; 0,454992; -0,6529984; -0,03169625; 0,6969618; 0,03357351
0,1837186; -0,4345247; 0,4004165; -0,8813378; -0,8917673; -0,6997487; 0,8683728; -0,3883463; 0,8764935
