11;8;8;8;2
-1;1
#
-0,608173; -0,5336223; 0,9818215; 0,1091939; 0,2019677; -0,738062; 0,5447696; -0,8686481; 0,8803635; -0,8743488; 0,2794017; 0,9002728
-0,7021468; 1,442006; -0,2770844; 0,131571; -1,133553; -1,063886; 0,349168; 0,6937352; 0,1080507; 0,2467053; 0,4971274; -0,1625416
0,8354508; -0,2704597; -0,2761985; 0,1121277; 0,3376564; 1,04471; -0,5471665; -0,1859817; 1,291416; -0,003980726; -0,4730178; 1,080869
-0,09054576; 0,6189424; -0,1310964; 0,6216245; 0,4267606; -0,05783716; -1,48692; -1,311783; -0,1534037; -0,4597251; 0,003394835; -0,4207287
-0,9096279; -0,7036745; 0,5404266; -0,1459645; 1,399432; 0,3432476; -0,01897124; -0,3515317; 0,2569486; -0,6011051; 0,1627348; -0,2784735
-0,08162647; 0,9310606; 0,1696957; 0,6565976; -1,037371; -0,6895373; 0,4081489; -0,5069392; -0,03874251; 0,1564005; 1,104504; 1,214306
0,318031; 0,2010953; 1,540234; 0,3441455; 0,5039013; -0,1414682; 1,318282; -0,4124596; -0,6261164; -1,149946; 1,248408; 0,1134368
-0,3251535; 0,9952309; 1,390687; 0,6539627; 0,0715806; 0,2032473; 0,1518431; -1,242437; -0,1623447; -0,6715269; -0,4929914; 0,2663003
#
0,03981708; 0,2369759; -0,4439544; -0,5921603; -1,040966; 1,574158; -0,242318; -0,8326639; 0,2888187
0,7047103; -0,27902; -0,07171533; 0,3631715; 0,1819185; 0,3190951; 0,1002554; 1,131636; 0,8836071
-0,1316054; -0,2248921; -0,09772418; -0,05065522; 0,6199975; -0,5098612; 0,3458852; -0,3800606; -0,6391479
1,255876; -0,9136603; -1,096682; 0,9669712; 0,8188164; 0,808453; 0,03682698; -0,08348539; -0,5458663
-0,8694938; 0,04220338; -0,3809657; -0,6606272; 0,7792423; -0,3114905; -1,284178; 0,8121711; -1,095881
-0,2223233; 0,6007369; 0,2824655; -1,310313; 0,4248644; 1,146142; -1,214598; 0,6956836; 0,6615568
1,258566; -0,5122874; 0,8865212; 1,7415; -1,132449; -0,5129803; 0,9551367; 0,4980487; 0,8667253
-0,8398363; -0,9079908; 0,4438186; -1,524434; -0,6575216; 0,6019292; 0,8815892; -0,0602165; 0,06102011
#
1,03303; 0,2959723; 0,5240107; 0,5073202; 0,2724875; 0,2617987; 0,6547936; 1,277911; 0,1669381
0,39461; -0,8202314; 0,223197; -0,7003286; 0,4879428; 0,973542; -1,080887; 0,3961685; 0,008198224
0,9875913; 0,4959898; -0,107652; 0,6775173; -0,7557877; -1,035023; -0,442321; -1,138175; 0,1116541
-0,0156921; -0,271089; 1,18556; 0,6449389; 0,4258531; -0,3406116; -0,592266; -0,03159618; 0,6688017
-1,255235; -1,464516; 0,9209683; -0,131459; 0,02327292; 0,6838681; 0,6144474; 0,7085516; 1,367506
1,581442; -1,21632; -0,1554419; -0,0724643; 0,6075252; 2,299378; -0,136888; 0,2274978; 0,34248
-1,155649; 0,3070917; 0,0741805; 0,509828; -0,4590893; 0,2943632; -0,06650016; 0,05695104; 0,6424976
-0,01414512; 0,2405692; 0,6512302; -0,3384652; -0,2502703; -0,08388507; 0,2222295; -0,8289262; 0,1760063
#
-1,079969; 1,695296; 0,2584499; 0,8579232; -0,2544457; 0,8064225; 0,4826781; 0,6252957; 0,07077937
0,5884584; 0,02234714; 1,405219; -0,09590805; -0,5041237; -1,559312; 1,001738; 0,2228864; -0,0766653
