11;8;8;8;2
-1;1
#
-0,9372708; 0,1563042; 0,8297806; 0,3145361; 0,2697525; -0,5221439; 0,8353803; -0,5730941; 0,9753112; -0,811664; 0,262673; 0,1753389
-0,7878409; 1,153013; -0,1124494; 0,2000041; -1,268201; -0,6143147; 0,6546957; 0,726045; 0,07822192; -0,2381604; 0,03573978; 0,4954073
0,9632949; -0,220453; -0,4884467; -0,2431405; -0,04309081; 0,5108863; -0,7090164; -0,9927859; 1,176441; 0,6474231; -0,495337; 0,09152244
0,1314733; 0,7938462; -0,2796606; 0,7566925; 0,9275594; -0,02931713; -1,096921; -1,061764; -0,1392366; -0,2293974; -0,02721336; -0,1274284
-0,9566645; -0,03883183; 0,7903533; -0,5096663; 1,336349; -0,07761501; -0,3798132; -0,4848624; 0,4553878; -0,6686559; -0,1229699; -0,2371134
-0,2326484; 0,6141372; 0,2374876; 0,3956144; -0,5090001; -0,1893526; 0,5553499; -0,3897197; -0,1392482; 0,4055443; 0,6411063; 1,547417
0,2537409; 0,5022382; 0,5183444; 0,2155388; 0,5707565; -0,1051487; 1,146314; 0,2770872; -0,3472207; -0,7225946; 0,1636325; -0,483976
-0,005293332; 0,05890048; 0,9368812; 0,6687346; 0,08180338; -0,07009213; 0,366987; -0,6869621; 0,3450963; -0,8247468; -0,7824574; -0,1126587
#
0,3124955; 1,065382; -0,4099737; -0,4611886; -0,7449964; 0,9497145; -0,1902335; -0,7280679; -0,02583313
0,9557334; -0,4613193; 0,2111981; 0,7958136; -0,2535315; -0,02256514; 0,1815789; 1,267835; 0,4491726
-0,02657807; 0,03760061; -0,3248174; 0,07637189; 0,4417302; -0,6557624; 0,07504216; -0,1936241; -0,6846275
1,405922; -0,7828113; -0,8385022; 0,7780982; 0,8547412; 0,1546356; 0,0711726; -0,7857966; -0,1940594
-0,940171; 0,1399013; -0,3797737; -0,6729477; 0,8547444; -0,5389835; -1,221104; 0,6929992; -0,6852785
-0,1298206; 0,4685666; 0,6580421; -1,118468; 0,04237127; 0,8251393; -0,8530127; 0,457384; 1,029692
0,6462412; -0,4409634; 0,8905555; 1,175722; -1,067783; -0,06508289; 1,181972; 0,2933806; 0,430859
-0,9513119; -0,9448869; 0,2754638; -1,208252; 0,3807334; 0,80902; 1,202929; 0,02851784; 0,6387315
#
0,9129293; 0,4317915; 1,110009; 0,7086206; 0,2950925; -0,03253934; 1,027079; 0,4509446; -0,05022213
0,5543486; -0,4155449; 0,581609; -0,3534924; 0,5020754; 0,51989; -1,09437; 0,804409; 0,2812107
0,8106843; 0,3715215; -0,1479769; 0,7384651; -0,391864; -1,100502; -0,7395021; -0,4276488; 0,4334448
0,1447867; -0,06687649; 1,029086; 0,7160318; 0,3737745; -0,3854995; -0,8326454; 0,04168069; 0,01786673
-0,6471314; -1,059235; 0,5036103; 0,2005455; -0,2358662; 0,3868372; 0,1365122; 0,7896989; 0,6328849
1,263933; -0,9735429; -0,1292482; -0,5203083; 0,5972463; 1,450949; -0,566965; 0,6798637; 0,194886
-0,9882582; 0,8813459; 0,1928691; 0,2819916; 0,01672514; 0,06070533; -0,01795598; -0,1707271; 0,4972776
-0,1109204; -0,1001131; 0,9925409; -0,09051375; -0,5809469; -0,006923512; 0,5701526; -0,4925896; -0,5401034
#
-0,7038617; 1,04477; -0,2259392; 0,6280174; -0,3356774; 0,41911; 0,5140184; 0,6684647; -0,3066512
-0,008257903; 0,1698467; 1,312966; -0,7535397; 0,2701708; -0,6876064; 0,4193263; -0,1696966; 0,1291553
