11;8;8;8;2
-1;1
#
0,39247; 0,0652107; -0,3561245; 0,6930966; -0,2135028; -0,8191645; 0,03246495; 1,022029; -0,9268466; -0,585325; -0,8871057; 0,9388867
-0,1022669; -0,4250886; -0,1894543; 0,1517318; -0,706768; -0,3890021; 0,4462051; -0,2489021; -0,06661582; -0,920222; 0,6137228; -0,0949368
0,5591328; 0,3352129; -0,402023; 1,048695; -0,5499482; -0,1322244; 0,6393747; 0,537328; -1,217409; -0,777575; 0,781653; -0,810617
-0,6615429; -0,2536565; 0,5427167; -0,2318994; 0,7227173; 1,119706; -0,5132673; -0,4448959; 0,234885; -0,2147003; -0,1122342; -0,7958651
-0,3885583; 0,2646818; 1,144565; 0,7941048; -0,6066058; -0,5834019; -0,1189622; -0,5870874; 0,7252042; -0,5851532; -0,9694207; 0,6715425
-0,6034431; 0,5789327; 0,1347937; -0,3586582; 0,3740729; 0,3974139; 0,7458394; -0,9273533; -0,5430709; 0,5861956; 0,9810107; 0,5515099
0,4272237; 0,5974566; -0,3323538; 0,8026221; -0,3195781; -0,2681931; -0,4145969; 0,2633758; 0,7873403; 0,358462; 1,22676; -0,9626567
-0,7046856; -0,7123343; 0,192539; -0,668609; -0,3725423; -0,03025478; 0,7317338; 0,3957584; 0,1354777; 0,5261784; 0,7702711; -0,08926448
#
-0,01285258; 0,9143639; 0,6012592; 0,6833034; 0,5122054; -0,6574097; 0,3813884; -0,370869; 0,6133165
-0,9181283; 0,1364088; -0,6326902; 0,5803375; -0,3534542; 0,47161; 0,1205072; -0,4244742; 0,6379585
-0,204473; -0,0378767; -0,4049498; 0,6901166; -0,2918442; -0,5804148; -0,2256364; -0,002235875; 0,279442
0,9559321; 0,5937226; 0,6247805; 0,5929627; 0,6120678; 0,7761968; -0,03147301; -0,7730443; -0,4656348
0,6163091; 0,1058103; 0,4824207; 0,8152964; 0,1559061; 0,6119704; 0,874558; 0,4536874; -0,9135063
0,8135628; -0,7539859; -0,5595999; 0,4509508; -0,666333; -0,2741123; 0,1242074; 0,446644; 0,2726211
-1,234657; -0,7619178; 0,4701861; -0,4108913; -0,2537845; -0,4712787; 0,3013743; -0,5911936; 0,7318654
0,02037627; 0,5873189; -0,5635707; -0,462065; 0,2492061; -0,8110299; 0,8091557; -1,322941; 0,3554591
#
0,03485793; -0,7067711; 0,796913; 0,7301753; -0,2770521; 0,378453; 0,2764165; -0,6043873; 0,3561095
-0,1214572; -1,116326; 0,9959243; -0,6849082; 0,04272857; -0,008815825; -0,3668271; -0,1952385; -0,3579715
0,005161017; 0,514926; 0,2979695; -0,5991537; 0,06190293; -0,902767; -0,03775752; 0,03812364; -0,2283727
-0,08362496; -1,226461; -0,2476925; 0,259717; 0,9297305; 1,045541; 0,9181039; 0,6013452; 0,06081951
0,1672245; -1,156927; 0,2486499; -0,1779677; -0,05168331; 0,6472527; 1,049071; -0,0005515218; 0,4165717
-0,9542434; 0,6466274; -0,4919201; -0,6246706; -0,5575955; -0,6343338; -0,16051; -1,036506; 0,7368486
-0,5519611; -1,203994; -0,7348245; -0,8015127; 0,3902092; 0,3927631; -0,4466959; -0,6481655; -0,9139199
-0,8829293; 0,1432923; 0,2926507; -0,07926714; -0,7053061; 0,9676017; -1,045; -1,049059; 0,6133611
#
0,4399342; -0,8641696; -0,3335458; 0,5636435; 0,9014986; -0,4277453; 0,1124185; -0,1461051; -0,9339004
-0,8744789; 0,7512584; -0,4655896; -0,9222638; 0,2039419; -0,02606741; -0,120681; -0,298273; 0,2125356
