11;8;8;8;2
-1;1
#
-0,6600007; 0,1380883; 0,7378693; 0,1418351; 0,2209232; -0,9431374; 0,5955602; -0,5607053; 0,8074071; -0,9429182; 0,662223; 0,294041
-0,748134; 1,440183; -0,2682196; 0,1377408; -1,342736; -0,7917238; 0,5030997; 0,7199473; 0,04431343; -0,0128627; 0,09876713; 0,1864921
0,9183415; -0,2994704; -0,3138875; 0,05220385; -0,06212392; 0,8442984; -0,6820106; -0,9927859; 1,417582; 0,3494852; -0,5631082; 0,7819591
-0,04933945; 0,6436115; -0,2357776; 0,4611358; 0,8598664; 0,03412457; -1,112501; -1,158864; -0,07896274; -0,3270698; 0,003394835; -0,1675875
-1,079662; -0,2714903; 0,8036901; -0,4873548; 1,398203; 0,1066484; -0,3034931; -0,4771426; 0,4553878; -0,4037456; 0,1418882; -0,2245681
-0,1506622; 0,7615825; 0,3738722; 0,3956144; -0,3923824; -0,4346136; 0,6286459; -0,2711167; -0,01685059; 0,511867; 0,921901; 1,470944
0,05066277; 0,421; 0,9438984; 0,414945; 0,309326; -0,0359257; 1,058048; -0,2537568; -0,6285598; -0,6148235; 0,5649295; -0,5856835
-0,2322372; 0,354598; 1,061671; 0,5487098; 0,004687622; 0,07346757; 0,1600239; -0,9273119; 0,09742372; -0,8213097; -0,7311834; 0,6673751
#
0,3911898; 0,9842923; -0,5353547; -0,5256943; -0,8233674; 1,152972; -0,2784639; -1,037154; 0,2789485
0,9365168; -0,2925425; 0,1296113; 0,418327; -0,09192024; 0,01906969; 0,3266194; 1,105768; 0,4480085
-0,03804117; 0,1157578; -0,3470836; 0,05118708; 0,4217926; -0,4049798; 0,01317685; -0,3158819; -0,7968866
1,057012; -0,784125; -0,7944309; 0,9403412; 0,7357094; 0,4826179; 0,0711726; -0,6555144; -0,06597015
-0,6160704; -0,01734938; -0,6537029; -0,770848; 0,8181418; -0,3694803; -1,485814; 0,69999; -0,6042074
-0,2580898; 0,3642836; 0,6728193; -1,22906; 0,04237127; 0,927691; -1,165699; 0,393369; 1,026402
0,9293587; -0,3504532; 0,982211; 1,440103; -1,263617; -0,3897089; 1,430776; 0,1583594; 0,578573
-1,243394; -0,8265843; 0,3534281; -1,355792; 0,2369662; 0,7418118; 1,199088; 0,03623633; 0,6387315
#
1,189881; 0,2958788; 1,496087; 0,5016642; 0,2289434; 0,2020978; 0,7894344; 0,8797426; 0,1050058
0,4519922; -0,5147262; 0,4866526; -0,6695729; 0,5847501; 0,6762456; -1,226514; 0,9497495; 0,2132859
0,815434; 0,502148; 0,07177486; 0,8664904; -0,4497065; -1,204113; -0,694708; -0,5188121; 0,1971815
-0,01438871; -0,06687649; 1,285807; 0,8639636; 0,3033704; -0,3599311; -0,793725; 0,1865057; 0,07493682
-0,9626547; -1,328601; 0,6069663; 0,3791144; -0,1532455; 0,4849259; 0,3010116; 0,3552742; 0,6328849
1,138203; -1,114337; -0,2820683; -0,5793952; 0,5273154; 1,813903; -0,4499203; 0,7108918; -0,04773714
-1,140597; 0,7775776; -0,02203561; 0,2427402; 0,02237645; 0,1159869; 0,03992763; -0,02134083; 0,6294851
0,1022068; 0,1166794; 0,8465066; -0,02974755; -0,3452279; 0,05199751; 0,4120665; -0,4528496; -0,07459277
#
-1,10712; 1,224903; 0,1104377; 0,6556698; -0,4952626; 0,3890187; 0,4928943; 0,4923136; -0,5846874
0,2020122; -0,009298354; 1,408108; -0,480803; 0,08798738; -0,8109243; 0,5767031; -0,1632217; 0,1369188
