11;8;8;8;2
-1;1
#
-1,312268; -0,4965415; 0,9932877; 0,02100213; 0,3260617; -1,023476; 0,4406619; -0,6832116; 0,5874376; -0,9795169; 0,5903971; 1,465964
-0,6971102; 1,22655; -0,6190096; 0,5575395; -1,554369; -1,279016; 0,3100943; -0,3987522; -0,2259493; 0,6831603; 0,4446239; 0,06009784
0,6176712; -0,578927; -0,08153154; -0,09129794; 0,9861023; 1,107451; -0,2835874; -0,1438189; 1,518541; 0,3258442; -0,4994793; 1,034934
-1,058107; 0,3717797; -0,3287177; 0,0795316; 0,8833953; 0,378929; -1,565139; -1,499174; -0,1382563; -0,4903724; 0,003394835; -0,6416363
-0,3196793; -1,13837; 1,010014; -0,03056772; 1,262273; 0,223855; -0,2924521; 0,1621141; 0,3535693; -0,6922352; 0,3142753; -0,3615775
-0,4746625; 0,8764059; 0,595643; 0,633074; -1,027494; -0,8326865; 0,3270006; -0,5560198; 0,3692124; 0,03476498; 1,060305; 0,9119758
1,025202; 0,2903153; 2,01263; 0,262283; 0,9405427; -0,5271699; 1,06123; -0,8662742; -0,2845086; -0,8600132; 1,623213; 0,8369319
-0,5567585; 0,7911702; 1,76439; 0,2927688; -0,04080696; -0,1490783; -0,1960101; -1,433519; -0,3753531; -0,8519475; -0,6473426; 0,9076174
#
0,1060871; -0,02925796; -0,4948078; -1,421141; -0,8982745; 1,984118; -0,3608807; -0,6183036; 0,9143304
1,09592; -0,6060169; -0,3973837; 0,2459359; 0,3909171; 0,2124214; -0,09863158; 1,23733; 0,6694294
0,02916961; -0,379905; -0,3241665; -0,7682464; 0,9845039; 0,02320412; 0,6527833; -0,1184294; -1,114378
0,922; -0,842751; -0,6894326; 1,271499; 1,026638; 1,099729; -0,6561335; 0,1574098; -0,5565099
-0,462823; -0,7288033; 0,1981146; -0,6487347; 0,7085755; -0,6241128; -1,485549; 0,08543894; -1,372065
0,4162207; 0,06041986; 0,3187546; -1,767802; 0,2980652; 0,729792; -0,5926404; 0,496124; 0,5910659
1,396795; -0,1866554; 1,506001; 1,531949; -2,169277; -0,4435363; 0,6138842; 0,2749297; 1,299537
-0,6435728; -0,392206; 0,6702462; -1,052567; -0,7741634; 0,6684338; 0,2899012; 0,1560352; -0,2016151
#
1,145031; 0,3849565; 0,7799877; 0,5756554; 0,1521056; 0,3529089; 0,5357534; 0,8331926; -0,1524953
0,6306025; -0,6498193; 0,07414019; -0,2041661; 0,5820095; 1,009961; -0,6389484; 0,490021; -0,1532811
1,325366; 0,9568496; -0,04907759; 0,4501573; -1,065561; -0,6762785; -0,06250358; -1,068592; 0,6598662
-0,01837355; -0,3528297; 1,082249; 0,8236386; 0,5530699; -0,03991663; -0,7619948; -0,1913881; 0,664116
-1,366099; -1,693703; 1,181989; -0,583799; -0,1066653; 0,07926612; 0,2680442; 0,4587969; 1,409538
2,138712; -1,619948; -0,2751199; -0,8659123; 0,5698695; 2,549297; 0,01734657; 0,5613568; 0,3687136
-0,9578425; 0,02508053; 0,07753339; 0,2788532; 0,7016335; -0,1697324; 0,3132579; -0,3402938; 0,5279473
-0,1032819; 0,5498338; 0,1718216; -0,09073025; 0,1401864; -0,2083804; 0,2917384; -0,4721144; 0,0419199
#
-0,5048798; 1,556682; 0,09302239; 1,398817; -0,1172365; 1,05703; 0,09874488; 0,8272322; 0,2791434
0,7445384; -0,1373819; 0,988084; -0,02292556; 0,1102924; -1,744705; 1,54273; 1,041068; 0,9512912
