9;9;9;9;9;2
-1;1
#
-0,5690506; -0,1441894; 0,4124846; -0,7625105; -0,0561446; -0,3548951; -0,9441087; 0,6029365; 0,9700131; 0,2263536
0,08444655; 0,8623084; 0,7185881; -1,316614; 0,9855776; 0,7713368; -0,6726398; -0,1403633; 0,7497866; -0,5540574
-0,2354061; -0,04475918; 0,3374579; 1,046457; -0,992762; 0,07243791; -0,4618256; 0,8205204; -0,2419691; -0,3887249
0,06108667; -0,4527143; 0,9766673; 0,6262116; 0,1985475; -1,071523; 0,9103913; 0,7912814; -0,3655049; -0,5160518
0,8677418; 0,1627949; -0,3521734; -0,1645821; -0,5326295; 0,1331083; -0,2007654; 0,4842505; -0,6259522; 0,9640172
0,2214357; -0,006507516; -0,6873229; 0,308002; 0,486602; -0,05089051; -0,08389211; -0,9123073; 0,07334176; 0,5451019
0,7939375; -1,096018; -0,1023451; 0,1446018; -0,01903164; 0,08266765; -0,7232308; -0,7232451; -0,6958131; 0,131681
-0,01516706; -0,9492123; -0,04804552; 0,9170465; 1,075171; 0,293632; 0,08175123; -0,05453273; -0,4439698; -0,02794105
-0,1081003; -1,061764; -0,8568697; 0,8663055; -0,7379318; 0,6591739; -0,8391659; -0,08373798; 0,5629879; -0,6549604
#
-0,2721285; -0,8969076; -0,005853057; -0,6701303; -0,3228002; -0,3370066; 0,4459586; -0,4865049; 0,955838; 0,08820349
-0,4846677; 0,1557012; 0,9091755; -0,01939172; -0,8755162; -0,5376082; -0,2755798; -0,1239411; -1,135716; 0,7778645
1,233133; 0,9988573; 0,9623322; -1,047274; 0,7498403; -0,3933982; 1,363411; -0,6098093; 0,3113408; 1,02582
0,1563722; 0,5255036; -0,5939723; -0,9240861; -0,6029668; 0,2796199; 0,2847035; 0,03526431; -0,506115; 0,2497212
-1,155829; 0,03467023; -0,9909384; -0,8112207; 0,5740637; -0,9144833; -0,7115505; -0,1439145; 0,8395171; -0,4167923
1,122104; -0,4710084; 0,01287019; -0,7653263; -0,05368923; 0,5265293; 0,7234435; -0,6410297; 0,1575161; -0,123999
0,7269527; 0,5377714; 0,3802623; 0,7336571; 0,1567222; 0,183369; -0,7068891; -0,585417; -0,4249941; -0,638382
-0,8532473; -0,9333146; -0,3366935; -0,3010999; 0,6789729; 0,244149; 0,3090979; 0,3386152; 0,9680777; -0,5724108
-0,09944003; 0,1403539; 0,6154706; 0,6748545; 0,380342; -0,1017637; -1,112077; -0,3775781; 0,6625298; 0,8208146
#
0,006864175; 0,9437932; -0,7023392; 0,8988161; 0,031638; -0,6819822; -0,3129017; 0,9435979; -0,6925423; 0,2256891
-0,006358266; -0,7317746; -0,5169175; -0,2878438; -0,07547668; -0,6527545; 1,072882; 1,17384; -0,1738762; -0,7003655
-0,3994793; 1,002422; 0,1388064; -0,02055395; 0,02635787; -0,6081; -0,8455916; 0,8575823; 0,6187797; -0,8285087
0,7719519; -0,9980212; -0,1023847; 0,1369994; 0,5243915; -0,7007545; -0,7518852; 0,01442969; 0,8268422; 0,8373345
-0,6540009; 0,3337142; -0,2107033; -1,184584; 0,5398946; -0,4441832; -0,6263132; 0,9037731; 0,6281366; -0,280408
-1,015696; 0,7827318; 0,4358206; -0,4434212; 0,8129123; 0,7935884; 0,3618432; 0,5377381; -0,2189524; 1,055644
-0,9098628; -0,09414719; 0,8706875; -0,5620332; 0,03745735; 0,3836808; -0,1055633; 0,1665541; -0,3107389; -0,5711691
0,4842436; -0,7006378; 0,6357387; 0,665406; 0,06968054; -0,5725034; -0,7456824; -0,9064212; 0,9292302; -0,4510938
0,7237005; -1,008726; 0,6293924; 0,834038; 0,665534; -0,7972886; 0,901565; 0,4877803; -0,2874583; 0,5937448
#
-0,3263709; -0,4504217; 1,105339; 0,1680528; -0,2305809; 0,3943989; -0,9518422; -0,6561997; 0,7525432; -0,5145812
-0,1344792; 0,4204417; -0,6720707; 0,9482927; 0,2526584; -0,8555156; -0,999467; 0,8724256; 0,578378; 1,293474
-0,5487667; -0,08144555; -0,409893; 0,2356939; 0,3565291; -0,368198; -0,6841683; 0,6150189; 0,3142058; 0,4802389
0,8136027; 0,664451; 0,9333234; 0,3316903; -0,3338293; -0,3284614; -0,5480444; -0,3028582; -1,291533; 0,5246687
-0,5657117; 0,972728; -0,3811766; 0,3678092; 0,1224033; -0,6682212; -0,08857411; -0,2406018; -0,5393846; -0,08969629
-0,9817311; -0,4260373; -0,9571357; 0,5315095; 0,2027169; -0,5215614; 1,157093; 0,1555508; 0,02583677; 0,3981085
-0,3997734; 0,1790499; 0,7214376; -0,2733783; -0,5942712; 0,1888787; 0,4366696; -0,8431892; -0,8327472; -0,2450217
-1,118273; -0,005179286; -1,150685; 0,9832678; -0,3708071; -0,1540424; -0,6045873; -0,964833; -0,8326061; -0,8102764
0,8676247; 0,5267134; 0,564693; 0,3940889; 0,2835984; -0,4122614; 0,6616337; -0,4613886; 0,1616769; -0,7729816
#
-0,3039268; -0,7178257; -0,7170097; -0,5336409; 0,287575; -0,9061071; -0,2763897; -0,9428582; -0,547169; 0,1628401
0,06672823; -0,5830882; -0,5485014; 0,5734892; 0,6897491; 0,742302; -0,3813959; -0,609241; -0,6709567; 0,6539425
