9;9;9;9;9;2
-1;1
#
-0,3049627; 1,027206; 0,9014632; 0,2713726; 0,5311097; 0,07910421; -0,6484299; -0,3937045; -0,9994571; -0,4518273
-0,02209069; -0,8112862; -0,2751043; -0,737218; 0,8073505; 0,9559177; -0,009546831; 0,8278193; -0,03243494; -0,01552185
-1,058953; -0,9254718; 0,9845588; -0,1288042; -1,012343; -0,1757926; -0,5938525; 1,235812; -0,01344668; 0,03666013
-0,4253316; -1,191397; 0,7088919; -0,5154833; 0,4111658; -0,05138998; 0,538291; -0,002146587; 0,6580507; -0,7149478
0,5986782; -0,130353; -0,9702606; -0,4310225; 1,36298; -0,2908171; 0,7829145; -0,08092491; 0,2729652; 0,4309494
0,3004351; -0,4943843; -0,3053043; -0,3068941; 0,3375911; 0,9676591; 0,2262735; 0,07325258; 0,689423; 0,1211566
-0,7671027; 0,3716266; -0,5668203; -0,6807466; 0,08184589; 0,7733666; 0,9062539; -0,6787711; -0,08120064; 0,4023048
-0,08939265; 0,2257885; 0,1136368; -0,5991648; 0,02425273; -0,2877992; 0,1782764; -0,4987322; -0,8519624; -0,1868642
-0,5750557; 0,3111865; -0,6145428; 0,3165871; -0,3769152; -0,3383598; 0,5211231; -0,4139513; 0,9781326; -0,3707121
#
0,1882091; -0,1186505; -0,7188068; -0,02600327; 0,009115733; -0,02144216; 0,1033585; 0,0965225; 0,07030541; 0,1617996
-0,04449938; 0,163818; 1,103746; 0,5623935; 1,014962; -0,3600876; 0,355498; 0,5112839; -0,6554591; 0,2857493
0,6383595; -0,7190679; -0,2348904; 0,5445119; -0,6329486; 0,5141876; 1,000624; 0,3052384; -0,01596782; -0,4640863
0,9223001; 0,08947878; -0,4920358; -0,1142358; 0,2810785; 0,1580395; 0,4942918; 0,1104483; -0,932045; -0,1378239
0,9433549; 0,7925436; 0,6214938; -0,2754332; 0,7507893; -0,349038; 0,4660351; -0,9059614; -1,072757; 0,9083782
0,8631217; 0,7768297; 0,1216488; -0,3257962; -0,3596586; 0,8395429; -0,7618514; 0,2306111; 1,078511; -0,6802905
0,3255059; 0,7576349; -1,11551; 0,1086129; 0,4377297; 0,303937; -0,9155196; 0,5364403; 0,4444076; 0,6416865
-0,3871722; -0,7898034; -0,7624856; 0,6725556; -0,8372494; -0,7906998; -0,1362981; 0,2197267; 0,1510493; -0,5964677
0,4328295; 0,9625112; 0,2428366; 0,647024; 0,5837076; -0,47105; 0,5855104; 0,3736054; 0,2113049; -0,833655
#
0,614942; -0,4459459; -0,286635; 0,4312619; 0,6325884; 0,7256421; 0,540361; 0,01228354; 0,5024426; 0,8977349
-0,01841075; 0,4192631; 0,246581; -0,8215508; -0,5267424; 0,5894504; -0,8074292; 0,3292195; -0,9855282; -0,4411229
0,1016261; -0,7650173; 0,1021111; -0,8492005; 0,08496718; -0,7822568; -0,7202101; 0,6079647; -0,1257035; -0,4866465
0,6413836; 1,008992; 0,9109224; 0,7196446; 0,09733356; -0,4697883; 0,09114354; 0,1869716; -0,5065297; -0,9717972
0,109426; -0,02523077; -0,7414772; -0,2151386; 0,34244; -0,2761633; 0,2580487; 0,1696495; 0,7477357; -0,8979309
-0,6854646; -0,71241; -0,2648856; -0,3301032; -0,7464336; 0,5953683; -0,5775279; 0,2414535; 0,5986748; -0,9088861
0,7438192; 0,1096822; -0,34492; -0,2533171; -0,906476; -0,698319; -0,02410386; -0,8439521; 0,7827722; -1,023777
0,04302769; -0,3246819; -0,8868001; -1,356475; 0,01488536; -0,4648982; 0,6393663; -0,6249486; 0,7173105; 0,01739685
0,3263674; 0,1888819; 0,06181838; -0,3934413; -0,8030179; 1,065197; 0,0593022; 0,5459285; -0,6042112; -0,246665
#
-0,6996353; -0,65932; -0,4345218; -0,2471117; -0,6748592; 0,4175218; 0,555743; -0,377674; -1,096018; 0,4554931
-0,9673575; 0,03109419; -0,2347419; -0,4992708; -1,178401; 0,1500411; 0,4283791; 0,09983576; 0,6533103; -0,6133744
0,2301078; 0,7414332; -0,2100379; -0,5753199; -0,2666866; -0,768849; -0,7261132; 0,6670517; -0,773948; -0,2712056
0,5521177; -0,1841942; -0,695616; 0,7820843; 0,1794541; 0,7872087; 0,5655736; 0,5063407; -0,3054433; 0,7952988
-0,72471; 0,008383382; -0,1854826; 1,018739; 0,3359891; -0,5076317; 0,389219; -0,1453481; -0,3876922; -0,5300714
-0,4560849; -0,6215104; -0,7759637; 0,7030903; 0,7919132; 0,5348028; 0,8540067; 0,9696413; 0,1770017; -0,5507509
-0,3636845; 0,2091041; -0,540935; 0,2526326; -0,3540013; -0,4246124; 0,1644254; -0,2067921; -0,292705; -0,05076911
1,24903; -0,01423661; 0,7866976; 0,08960662; -0,7286916; -0,7078776; -0,2294689; -0,5542818; 0,1946325; -0,6797011
-0,7739787; 0,6920237; 0,3491821; 0,1021892; -0,4359966; -0,3636719; -0,523805; -0,1649464; -0,8186353; -0,2689072
#
0,6782388; -0,6890182; 0,2077671; -0,0488225; 0,4692357; -0,3873165; -0,005880024; 0,131671; -0,7603523; -0,779817
-0,4069154; 0,02264515; -0,7839677; -0,26624; 0,4555165; 0,2977189; -0,1445363; 0,9115766; 1,093713; 0,878472
