6;8;8;8;8;2
-1;1
#
0,589295; 0,4092524; 1,244871; -0,8373469; -0,317515; -0,7702816; -0,726702
-0,8158167; -0,9121248; 0,2629419; 0,3826247; 0,7301121; -0,4929818; -0,1185032
0,8547901; 0,8377799; 0,7338042; 1,39383; -0,5581877; -0,3956912; 0,002291262
0,8512417; -0,3684862; -0,1388249; -0,03171119; -0,460263; -0,5052742; -0,05122889
0,07933962; -0,2292443; -0,9318027; 0,345114; 0,6009591; -0,6651212; 0,4409803
0,7829416; 1,050521; 0,4289343; 1,181787; -0,9066857; 0,6770733; -0,51144
-0,6616951; -0,2279041; -0,6231917; 0,2524008; -0,9941931; -0,3722124; 0,8145261
0,4231108; 0,3769899; 0,8011015; -0,359176; 0,7327372; -1,029239; -0,7458669
#
-0,01185934; 0,7651993; -0,7523252; 0,9483352; 0,9590686; 0,07592436; -0,3563434; 1,176143; -0,2545592
-0,5922958; -0,1330916; 0,4764053; 0,3354003; -0,7718367; -0,2247219; -0,1755278; 0,2938095; 0,2771124
-0,6362743; 0,183272; -0,8232035; 0,3802985; -0,2579019; -0,3056568; 0,5978323; 0,4398484; 1,09996
-0,2366078; 0,3738204; -0,4678435; -0,2057074; 0,6145117; 0,4515731; -0,4612923; 0,3239956; 0,3318013
-0,3549815; 0,4239257; -0,1210346; 0,01557185; 0,5006262; -0,2875364; -0,6391675; -1,211548; -0,2209089
0,985245; -0,8423895; -1,114224; -0,7668992; 0,5670233; -0,6620933; 0,9294502; 0,04628813; 0,6352297
1,251343; 0,8745269; 0,186956; -0,3941111; 0,7431611; 0,1337587; -0,1777303; -0,471512; -0,7365974
0,8951583; 0,2611506; -0,5639665; -0,6892667; -0,5706446; 0,0169571; 0,4991956; -0,2085216; -0,2956229
#
-0,2578039; -0,1786335; -0,1060561; 0,1904477; 0,5280741; 0,02319473; -0,5318211; -0,9286085; 0,2536382
0,3697103; -0,9842355; -0,2150262; -0,4100796; -0,5641002; -0,9110488; 0,06349971; -0,5203559; 0,7511523
-0,1075453; 0,09833975; 0,2673736; 0,6371226; -0,4260627; -0,6773415; -1,370234; 0,6236058; 0,358322
0,8565328; -1,096528; -0,09848508; -0,5616287; -0,2585241; -0,572874; 0,2842324; -0,384847; 0,2485298
0,3762731; 0,2819794; 0,1256385; 0,7994959; 0,1166255; 0,6675983; -0,3416919; -1,138425; 0,2779558
-0,05974181; -0,2254092; 0,8906453; 0,4378697; -0,9186385; -0,2732603; 0,990585; 1,045938; 0,9219742
0,5551053; -0,01329469; 0,1435488; 0,9434858; 0,2218358; -1,09836; -0,01102687; 0,3099618; -1,039746
-0,3276106; 1,103262; -0,9929; -0,3759958; 0,7565603; -0,7422018; -0,4565938; 1,215089; -0,5671158
#
-0,1230298; -0,3163807; 0,4152564; 0,1526674; 0,2994213; -0,9991533; 0,7308491; 0,70544; 0,2124014
-0,4877919; -0,5910517; -0,6620119; -0,757744; 0,8560969; -0,6872488; 0,4670561; 0,5578772; 0,37407
-0,768577; -0,1043534; -0,9876403; -0,6575125; -0,616046; -0,5963942; -0,3718155; -0,2306538; -0,9549687
-0,4086992; -0,3015891; -0,7069169; -0,1723586; -0,9020092; -0,2095936; 0,8980258; -0,4334519; -0,2830587
0,7961801; 0,2936296; 0,2829246; -0,5672781; 0,1732213; -0,4677904; -0,5268999; -0,3961421; 0,2508596
-0,9601249; 1,111917; -0,06816772; 0,2794225; -0,497862; -0,2806638; 0,4142067; -0,2473548; 0,1451216
1,1734; 0,3594461; 1,011854; -0,7178654; 0,8571854; -0,751485; -0,04218477; 1,245618; -0,03994865
-0,4061608; -0,7808799; 0,4319861; 0,318648; 0,02866312; -1,050531; 0,2365513; 0,681358; 0,5312389
#
0,3760872; 0,2773426; -0,268925; -0,4570667; -0,5189112; 0,0888276; -0,3342127; -0,8412343; -0,1259174
-0,08038671; -0,8198324; 0,4799814; -0,3862014; -0,5715505; 0,08371506; -0,2244284; 0,8871394; 0,4063949
