9;9;9;9;9;2
-1;1
#
-0,1318301; 0,8511087; 0,8433814; 0,180243; 0,4911117; 0,1332085; -0,6126198; -0,4695551; -0,9471534; -0,5562064
0,02471601; -1,006405; -0,1516625; -0,7481512; 0,7426686; 0,9160466; 0,1170219; 0,8439181; -0,02592299; -0,2582673
-1,039867; -1,121447; 1,010041; -0,119631; -1,006099; -0,1697792; -0,5534645; 1,258652; 0,01416257; 0,2685633
-0,3583933; -1,194487; 0,5937712; -0,5615164; 0,4212775; 0,1075251; 0,5443661; -0,07366979; 0,8534478; -0,7107971
0,5871152; -0,02261706; -0,8649608; -0,4262639; 1,222306; -0,1619666; 0,8933297; 0,07700614; 0,3064986; 0,6266012
0,3845496; -0,5387197; -0,3267178; -0,3921993; 0,3550071; 0,7678001; 0,315675; 0,09369503; 0,5962621; 0,03182299
-0,594979; 0,4792714; -0,5406934; -0,7970854; 0,1458764; 0,7733666; 0,9256288; -0,448272; -0,03118011; 0,4218207
-0,0775629; 0,3375981; -0,001155403; -0,52544; 0,3106854; -0,06334345; 0,1769029; -0,4726789; -0,8519624; -0,3972801
-0,4413269; 0,5065995; -0,5961323; 0,335246; -0,2570802; -0,3745055; 0,494184; -0,5291592; 0,9932154; -0,2135207
#
0,2501591; -0,05060258; -0,7188068; -0,1105772; 0,000187017; -0,02778894; 0,05352295; 0,1803487; -0,1018504; 0,2005309
0,1590449; 0,163818; 0,8641045; 0,4836417; 0,9086118; -0,3990886; 0,2719114; 0,5417961; -0,6164085; 0,2294339
0,7801934; -0,7528533; -0,1394965; 0,6167746; -0,6477079; 0,4391004; 0,8813408; 0,3171242; 0,1263849; -0,5211787
1,043655; 0,104116; -0,5582784; -0,1088817; 0,1558013; 0,03006192; 0,3397198; 0,1661637; -0,7747043; -0,328358
0,8329028; 0,7806369; 0,6951638; -0,2633111; 0,6987952; -0,2942207; 0,5396882; -0,9276855; -0,927198; 0,9595927
0,8779997; 0,8816445; -0,1313177; -0,3602652; -0,3611715; 0,7469193; -0,7851188; 0,3209673; 1,040887; -0,6862059
0,4787956; 0,8095181; -1,11551; 0,0555342; 0,6517992; 0,1679527; -0,8888734; 0,7131789; 0,3756559; 0,7732835
-0,4167345; -0,9279433; -0,7927918; 0,5243; -0,8069022; -0,9082685; -0,2952366; 0,1850637; 0,07215925; -0,640284
0,5538409; 0,9142509; 0,1083662; 0,4550427; 0,5837076; -0,6088803; 0,5846229; 0,4395952; 0,2119846; -0,7049
#
0,6389202; -0,3874334; -0,3015749; 0,1781389; 0,6417926; 0,7645056; 0,528581; -0,09944457; 0,668451; 1,052362
-0,06788746; 0,3712496; 0,1625444; -0,7907605; -0,4122342; 0,8690771; -0,7059009; 0,2691768; -0,8651823; -0,3395059
0,1077469; -0,8639981; 0,1558597; -0,8896279; 0,1277411; -0,8884422; -0,7754877; 0,5115548; -0,1550122; -0,5835975
0,7536274; 1,121906; 0,8621917; 0,7804087; -0,04976984; -0,5111635; 0,0746898; 0,2081836; -0,4339327; -0,9726838
-0,01484027; 0,05041469; -0,6989794; -0,1806434; 0,3485303; -0,2383742; 0,1763695; 0,05733301; 0,8394269; -0,8229656
-0,5476317; -0,6120619; -0,320865; -0,3828096; -0,5398733; 0,6348454; -0,5338153; 0,2264518; 0,7282061; -0,8925481
0,6601642; 0,0177639; -0,5311376; -0,0655575; -0,7306963; -0,7513685; -0,08813243; -0,7717296; 0,64217; -0,9344258
0,08321393; -0,5235206; -1,047851; -1,237508; 0,04395121; -0,3559659; 0,6393663; -0,6369634; 0,7806742; 0,116461
0,3641321; 0,25125; 0,1317069; -0,331401; -0,7749656; 0,9548677; -0,03450938; 0,6285101; -0,4724971; -0,2096924
#
-0,7462127; -0,6223369; -0,5552071; -0,3213288; -0,7794403; 0,2653053; 0,4340282; -0,455422; -1,029985; 0,268745
-0,9673575; -0,05441976; -0,4175978; -0,5215672; -1,047502; -0,1058657; 0,363402; 0,02148324; 0,830509; -0,5895513
0,1078034; 0,7535518; -0,09986592; -0,6133994; -0,3025123; -0,8689842; -0,6040431; 0,885753; -0,592756; -0,3222398
0,5552794; -0,1258885; -0,4808168; 0,6613404; 0,2378685; 0,8577797; 0,468393; 0,4680285; -0,1255236; 0,7161081
-0,5290946; -0,1499027; -0,0471307; 1,1248; 0,2386461; -0,6035441; 0,3854695; -0,2086808; -0,305743; -0,6622224
-0,4276239; -0,9222161; -0,6296168; 0,9146005; 0,7628656; 0,5435665; 0,8600534; 0,8067202; 0,2383868; -0,5808429
-0,2131734; 0,3332424; -0,540935; 0,3214904; -0,2847739; -0,5567322; 0,1478472; 0,09168936; -0,3768023; -0,1405388
1,057734; 0,01395296; 0,6207969; 0,1741669; -0,74718; -0,6116168; -0,2094865; -0,5400942; 0,1740178; -0,8759592
-0,7161304; 0,6283391; 0,1956923; 0,05863493; -0,5241659; -0,3250722; -0,5615573; -0,3413336; -0,5815138; -0,4395066
#
0,5710453; -0,6873826; 0,01723903; -0,009358302; 0,3682187; -0,3534906; 0,1118156; 0,1335329; -0,9578892; -0,7194487
-0,5200725; 0,06843475; -0,7378444; -0,313465; 0,4127137; 0,361252; -0,1249731; 0,8301482; 1,039381; 0,878472
