9;9;9;9;9;2
-1;1
#
-0,07717385; 1,037068; 0,7322744; 0,1619615; 0,2389116; 0,04202601; -1,102142; -0,5268217; -0,7465593; -0,4518273
-0,0826106; -0,8557816; -0,5358145; -0,3747648; 0,9045666; 0,9559177; 0,01209301; 1,02008; -0,112321; 0,1730473
-0,9431257; -1,009622; 0,9845588; -0,2614383; -1,084686; -0,1291291; -0,484304; 1,571479; -0,09505076; 0,1012128
-0,3741067; -1,087567; 1,53425; -0,2873201; 0,1559436; -0,02539709; 0,4649774; 0,09152845; 0,8194679; -1,06573
0,7258326; -0,04557607; -0,6181391; -0,2261793; 1,525216; -0,2325484; 1,069603; -0,1501315; 0,7205629; 0,300144
0,2377661; -0,6075111; -0,3618816; -0,5446597; 0,3375911; 0,9043466; 0,1540172; 0,2028805; 0,873651; -0,00604777
-0,7671027; 0,4229735; -0,6108716; -1,176975; -0,1692505; 0,627897; 0,827143; -0,6401696; 0,06788689; 0,6020109
-0,1768834; 0,2161019; 0,383828; -0,4495191; -0,09949248; -0,2472759; 0,1940179; -0,4723681; -1,332639; -0,1868642
-1,065081; 0,1837108; -0,6170175; 0,2550035; -0,3420734; -0,6434445; 0,3288893; -0,510222; 1,037348; -0,4201449
#
0,3763573; 0,06725136; -0,8064581; -0,4470986; -0,1728827; -0,05846952; 0,5691355; -0,1891236; -0,02074642; 0,4795118
-0,1662544; 0,1820697; 1,060079; 0,5923328; 0,7537834; -0,3371951; 0,355498; 0,4761063; -0,4679227; 0,327675
0,6608498; -0,7546906; -0,1317967; 0,4643008; -0,6329486; 0,8098394; 1,069921; 0,3052384; 0,03216412; -0,3795166
1,256259; -0,09707728; -0,6308922; -0,3415487; 0,3203508; 0,2192119; 0,5477529; 0,1639403; -1,376468; -0,09585112
0,9433549; 0,8161008; 0,7070051; -0,3783268; 0,6061481; -0,2198956; 0,1997579; -0,3853564; -1,003277; 0,9419973
0,7719747; 0,6076324; 0,2300378; -0,4173939; -0,3887963; 0,8513869; -0,6783484; 0,3277548; 1,10254; -1,064752
0,3255059; 0,6045204; -1,350296; 0,0196119; 0,4343345; 0,1639613; -0,716002; 0,9707397; 0,5045916; 0,8964036
-0,06229344; -0,6464448; -1,105789; 0,6715602; -0,4162892; -0,7906998; -0,1362981; 0,1547057; 0,1659165; -1,027181
0,7651745; 0,5703449; 0,2442326; 0,6070588; 0,3145075; -0,02118239; 0,7916085; 0,4395826; 0,2113049; -0,833655
#
0,7072716; -0,4937704; -0,7760813; 0,4696701; 0,7329102; 0,7256421; 0,3519449; -0,2363642; 0,4152088; 0,7781943
-0,01841075; 0,5614453; 0,3336498; -0,8985291; -0,9496312; 0,5426453; -0,4360891; 0,2313597; -0,8173713; -0,443423
0,4444455; -0,1017084; 0,03419305; -1,14311; 0,09877393; -0,3091529; -1,028795; 0,6474724; -0,1159431; -0,5378705
0,5567766; 1,008992; 0,5497725; 0,9757347; 0,159219; -0,4063841; 0,1525218; 0,4720183; -0,5065297; -0,9717972
0,03617669; -0,3186382; -0,7307734; -0,2615521; 0,7936879; -0,3137657; 0,2396546; 0,4605224; 0,9011738; -0,9664618
-0,6095143; -0,8327051; -0,1947149; 0,005234554; -0,1833586; 0,6178209; -0,6344199; 0,2414535; 1,10147; -0,73373
0,4246836; 0,358963; -0,4747139; -0,3054413; -0,9927975; -0,7584218; 0,06624085; -0,4279247; 1,287397; -1,023777
0,4717311; -0,6829624; -1,008191; -1,426827; 0,01488536; 0,1682148; 0,5893147; -0,9507192; 0,7701915; 0,01739685
0,304432; 0,1389652; 0,03137083; -0,3121782; -0,4619825; 1,065355; -0,2525313; 0,9425721; -0,5409132; -0,4595575
#
-0,5740855; -0,7119604; -0,7837391; 0,1140767; -0,7100344; 0,4175218; 0,5185177; -0,3318212; -1,096018; 0,4217731
-0,8213314; -0,2708648; -0,8641325; -0,2273956; -1,106023; -0,3441503; 0,383745; 0,5271231; 0,3188181; -0,6133744
0,5901206; 0,8196002; -0,1546557; -0,5845228; -0,2666866; -0,8012679; -0,4744462; 0,6670517; -0,4236667; -0,2104699
-0,06703499; -0,2340784; -0,6477681; 0,4428481; 0,08970655; 0,4533636; 0,6015372; 0,4916337; -0,02748227; 0,4417829
-1,256432; 0,01538615; -0,6306894; 1,112562; 0,219191; -0,5076317; 0,2063205; -0,1610861; -0,08138809; -0,01369516
-0,3843389; -1,106358; -0,8444124; 0,8568272; 0,7919132; 0,6093709; 0,3370385; 1,018908; 0,324409; -0,5660368
-0,2107057; 0,3830226; -0,5540182; -0,2072244; -0,3215275; -0,3194448; 0,06967583; -0,3227968; -0,292705; -0,1569125
1,650398; 0,03303541; 0,9820847; 0,08960662; -0,4425829; -0,6452171; -0,2294689; -0,2761371; 0,1451253; -0,6169168
-0,9205397; 0,7352307; 0,6861009; 0,1504804; -0,4359966; -0,02133667; -0,7917183; 0,18929; -0,7411417; -0,3767769
#
0,4133761; -0,6252891; 0,7152195; -0,1736256; 0,3967409; -0,6728106; -0,1885052; 0,1348286; -0,6522594; -0,5594814
-0,4500912; 0,3606223; -0,6331431; 0,1221562; 0,4477525; 0,3492843; -0,3302007; 0,8422065; 0,7158001; 0,9498105
