6;5;5;2
-1;1
#
0,3952152; -0,3290876; 0,1005174; 0,2598824; 0,4257993; 0,5039248; -0,08552349
0,8079016; 0,632035; -0,9965942; -0,06333053; -0,9164143; -0,9406667; -0,9810002
0,9414508; 0,9072657; -0,7294023; -0,8499355; 0,7182667; 0,8364005; 0,4072678
0,3528259; -0,6644585; -0,6468172; 0,1587919; -0,7771842; -0,7275369; 0,01237738
-0,2052838; 0,1554545; -0,8929729; 0,2556381; -0,4629728; 0,5292497; -0,7259133
#
0,7117686; 0,01783907; -0,4416486; -0,4158884; 0,1341931; 0,4060142
-0,895993; 0,4350562; 0,1914181; 0,5950131; 0,3203411; 0,1186143
-0,3427185; -0,8539026; 0,4792826; 0,208804; 0,06001747; 0,4766247
-0,9590178; -0,2239119; -0,8576851; -0,2820464; -0,4899839; -0,2331792
-0,58899; -0,8357048; -0,0168246; 0,2807018; 0,05678976; -0,551976
#
-0,5500038; -0,6879058; 0,2581112; -0,7620392; -0,844311; -0,2484831
-0,2523242; 0,05696952; -0,9913337; -0,4195765; -0,9877355; 0,9312575
