6;5;5;2
-1;1
#
0,732981; -0,05892956; 0,3071165; -0,05643761; -0,4153513; 0,7084763; -0,6678767
-0,3577539; -0,131354; 0,7182693; -0,3177513; 0,7756829; 0,1028887; -0,7855544
0,535737; 0,1561769; 0,3879311; 0,4355745; 0,07200181; 0,6816888; 0,2317573
-0,3451325; 0,0796293; -0,1869785; -0,8927529; -0,1316346; 0,861666; 0,2975528
-0,3336674; 0,1473151; -0,6046946; 0,6954868; 0,1600181; -0,5937264; -0,5964632
#
0,1952859; 0,3127823; -0,8982255; -0,3567692; -0,2265977; -0,6642613
-0,9424036; -0,4381148; 0,4950785; 0,7164545; 0,6993694; 0,02818239
-0,7242908; -0,8224077; -0,3784162; -0,7288027; 0,08688462; -0,05761087
0,8007884; -0,02816689; 0,1820394; 0,6563523; 0,3243417; 0,4738216
0,5214744; 0,355752; 0,9031887; -0,4856635; -0,6232982; -0,4896637
#
0,7470267; -0,6519845; -0,007354856; -0,1699239; 0,5475163; 0,4371273
0,9700339; -0,4690207; 0,7548487; 0,06347382; -0,0534004; -0,920922
