8;5;5;2
-1;1
#
0,9983292; -0,5309405; 0,1303428; -0,1195194; -0,7491779; 0,9562786; 0,8338635; -0,6220458; 0,141359
-0,233379; -0,688005; 0,4988177; -0,9612412; -0,5333996; -0,2531277; -0,02339947; 0,3602721; 0,232478
0,6558039; -0,5525596; -0,7793262; 0,412697; -0,03554428; -0,6022637; 0,5034995; 0,03701961; 0,7915053
-0,8838913; -0,4250983; -0,03879869; 0,6199169; -0,5600297; 0,9233797; -0,5767803; 0,4860077; -0,6772513
-0,5438764; 0,9733152; 0,4099881; -0,6409075; -0,5194812; 0,90522; -0,873229; -0,8862958; -0,9763997
#
0,6335232; -0,284876; -0,971379; -0,482442; -0,9920599; -0,703687
0,3036384; 0,4128148; -0,8785555; 0,5987811; 0,710247; 0,3892786
0,5229986; 0,2218825; -0,3129579; -0,7794943; 0,07320893; 0,4663913
0,9243989; 0,006594062; -0,6753089; 0,732379; 0,1731514; 0,8452938
-0,8111608; 0,8519583; 0,2223681; 0,3101375; 0,2961492; -0,7514489
#
-0,7112157; 0,2020854; 0,2918393; -0,9452553; -0,1917864; 0,03667581
-0,2543274; 0,65837; -0,2767588; 0,3630531; 0,862669; -0,4663354
