8;5;2
-1;1
#
0,3082566; 0,4479085; 0,402436; -0,5407566; 0,75297; -0,6810009; -0,3532873; -0,5127756; 0,08095896
-0,7555121; -0,142248; -0,1409776; 0,1300527; -0,03667438; 1,094185; -0,649503; 0,8987099; 0,6497331
-0,1507691; -0,4948686; 0,2989794; -0,103855; 0,5655737; -0,8714222; 0,2808819; 0,7322369; 0,4694134
0,3757356; 0,226891; -0,8989994; -0,1143479; 0,8886402; 0,6415194; 0,7059009; -0,05072159; 0,8623865
-1,340051; 0,8939514; 0,5268226; 0,4985907; 1,177376; -1,029094; -0,189879; 0,885581; -0,8210237
#
0,5908127; 0,702697; -0,0007972866; 0,1397604; 0,2177948; 0,06434286
0,2829251; 0,2783608; -0,9862538; -1,381366; 1,425106; -0,5704763
