11;8;8;8;2
-1;1
#
-1,380329; -0,5754211; 0,9207929; 0,1225743; 0,4413251; -0,794248; 0,4762448; -0,5885861; 0,6753106; -1,277308; 0,7171449; 1,447059
-0,7480998; 1,221378; -0,320932; 0,7477042; -1,844035; -1,524051; 0,4342225; -0,3585009; -0,07069325; 0,6234515; 0,7005253; 0,1387224
0,6591805; -0,5834261; 0,3908323; -0,1732019; 1,084; 1,261852; -0,1703113; -0,1239549; 1,339963; 0,2473149; -0,661574; 1,066618
-0,950078; -0,01416493; -0,3287177; 0,005658634; 1,205964; 0,317318; -1,271988; -1,544349; -0,1382563; -0,6381427; 0,003394835; -0,7536071
-0,3591794; -1,068521; 0,6754646; -0,08627125; 1,124913; 0,5398256; -0,1842998; 0,05270966; 0,1489591; -0,6460257; 0,4262588; -0,3303732
-0,715543; 0,9309165; 0,4549634; 0,4176044; -0,8621693; -0,9593583; 0,1629956; -0,1780086; 0,1261952; -0,1315819; 1,008955; 0,4938916
1,22417; 0,07597172; 2,214408; 0,2231136; 0,8501917; -0,7338311; 1,087962; -0,7982898; -0,1629722; -0,871421; 1,724416; 0,7349523
-0,4693137; 0,6287241; 1,701868; 0,265309; -0,2047545; 0,08291743; -0,04619114; -1,262269; -0,1898206; -1,181148; -0,6131052; 0,8817769
#
0,06798377; -0,007861845; -0,4556205; -1,577113; -0,8055443; 2,054908; -0,2412812; -1,22327; 1,111082
1,340808; -0,6060169; -0,5918433; 0,1419646; 0,4884347; -0,07693397; -0,4418376; 1,231447; 0,6290811
-0,1387109; -0,9869378; -0,2375858; -0,543858; 0,9756897; 0,2298735; 0,1713114; -0,4288533; -0,9428162
0,8172538; -0,60756; -0,3449118; 1,472851; 0,7194297; 0,9496688; -0,897127; 0,07431616; -0,5809581
-0,1555334; -0,7288033; -0,1734281; -0,3525845; 0,6033244; -0,4974806; -1,703373; 0,250552; -1,712557
0,06969615; -0,09154917; 0,2230574; -1,732211; 0,4789613; 0,6580508; -0,7497831; 0,4337272; 0,8093554
1,314732; 0,06718398; 1,508323; 1,361356; -1,814198; -0,4435363; 0,1820495; 0,1094757; 0,8172553
-0,9608479; -0,3553116; 0,7521802; -0,7853822; -0,6388478; 0,3080264; 0,1708196; 0,1885546; -0,1260127
#
1,394919; 0,4777718; 1,050763; 0,6853681; 0,2152663; 0,365397; 0,9593465; 0,3915096; -0,2780046
0,8576503; -0,6771863; 0,2165577; -0,390276; 0,4634676; 1,040703; -0,853851; 0,5014977; -0,04235234
1,295906; 0,7503212; -0,2739235; 1,114513; -0,9455875; -0,9053214; 0,04079071; -0,9779061; 0,4206808
-0,3301464; -0,611177; 0,8018493; 1,07643; 0,755506; 0,1376088; -1,012391; -0,1898856; 0,6740047
-1,46828; -1,278432; 1,115686; -0,5510809; -0,2519429; -0,01550492; 0,3243894; 0,3980232; 1,322574
2,099578; -1,900353; -0,3678362; -0,7445939; 0,3989393; 2,503679; 0,2623913; 0,7228487; 0,3887666
-1,068307; -0,06486461; 0,08517803; 0,3379597; 0,6643417; -0,2807253; -0,03116234; -0,1548604; 0,4776176
-0,07289034; 0,3697184; 0,2373355; -0,01539944; -0,06890275; -0,0193997; 0,05694149; -0,4625303; 0,0669249
#
-0,4117519; 1,556682; 0,1174977; 1,456511; -0,251888; 0,8090782; 0,07532441; 0,6961464; 0,3895049
0,961951; 0,0660082; 1,300496; 0,4746056; 0,1909752; -1,682229; 1,831546; 1,148864; 1,086526
