6;8;8;8;8;2
-1;1
#
-1,056726; -0,8816914; -0,02783754; -0,09569596; 0,2827892; 0,8376135; 0,9348101
0,08536112; 0,1128437; -0,594184; 0,1645495; 0,5262944; 0,5696968; 0,1699174
0,1458434; 0,3739755; -0,4203405; -0,4054833; -0,3541968; 0,0241729; 0,9415048
1,038326; 0,1263296; -0,1184449; -0,9372249; 0,2260005; 1,069984; 0,439652
-0,01042494; 1,18143; 0,3583485; -0,6772068; -0,08603019; -0,05029282; -0,6849405
-0,2949984; -1; -0,4640181; 0,1972395; 0,27218; 0,1883053; 0,0473047
-0,3463227; -0,1284374; 0,9197598; 0,1107145; -0,05315946; -0,4433173; 1,013193
-0,1882789; 0,01877776; 1,211246; -0,8065076; -0,7725847; -0,506164; 0,1588701
#
-1,064139; 0,7311448; 0,5892009; 0,3306206; -0,9726892; 0,4328479; 0,9544684; 0,2106641; -0,7193581
-0,07396442; 0,9845987; -0,5398524; 0,04534151; -0,03262675; 0,6621247; -1,163617; -0,675364; -0,728022
0,2736582; -0,05856553; 0,3373594; 0,2803778; 0,2778541; 0,8912418; 1,457364; -0,4534743; -0,9437472
0,7328038; 0,3292383; 0,2534789; 0,7212641; -0,1817553; -0,04843252; -0,6997766; -0,1662256; 0,4335679
0,6793157; -0,0469148; -0,8588418; 0,1602623; 1,15951; -0,5382414; 0,7465208; -1,073445; 0,9600567
0,08905244; 0,663037; 0,1832598; 0,6524647; -0,4590163; 0,2090944; 0,7413592; -0,4240839; -0,6667162
-0,2789839; -0,4680263; 0,6463127; 0,7913425; -0,6639373; -0,4853764; -0,2099045; -0,3138038; -0,3201394
0,6572294; 0,998619; -0,06950669; -1,244363; -0,543555; 0,8644494; 0,6513059; -0,4202345; 1,48536
#
-0,6984569; -0,7999545; -1; 0,1883416; -0,2175457; -0,477505; -0,7969139; -0,6390767; -1
0,07443535; 0,1786185; -0,5720202; -0,456228; -0,9387963; 0,5340143; 1,421363; -0,5391962; -0,1206894
-0,5945363; 0,4389794; -0,4521739; -0,6556591; 0,2178383; 0,6379988; -0,7567266; 0,06115184; -0,8939795
1,057091; -0,8271675; 0,4351418; 0,7936485; -0,7922134; -0,0369084; 0,4048285; 0,2769643; 0,4647275
-0,4326195; -0,5167255; -0,8126594; 0,4574298; 0,4492992; 0,3731735; 0,5129406; 0,9002205; 1,253592
1; -0,2207575; -1,401943; -0,4801547; -0,3483989; -0,2658612; 1,02762; -0,2889991; 0,4885226
0,5148968; -0,7485811; -0,2949946; -0,2588065; -0,7896213; 0,5293185; 1,134964; -1,269879; -0,215995
1,283105; 0,8020033; -0,4595279; 0,6716807; 1,250083; 0,559119; 0,7232455; -0,06244287; -1,37162
#
-0,1865556; -0,2727895; 0,9247555; 0,5522979; 0,1932974; 1,130699; 0,4702484; 0,5850437; -0,4750165
-0,2594502; 0,793583; -0,5012835; 0,3040383; -1,185775; -0,2391551; -0,7383399; -0,668236; -0,6063303
-0,6828611; 0,06092063; 0,9643438; -0,2924132; -0,2930381; -0,1343165; 0,2333551; 0,3603187; 0,4023537
-0,9543893; -0,6653329; -0,4905577; -0,8017741; -1,001866; 0,5171561; -0,7998646; -0,4841701; 0,01856629
0,7286507; -0,8720018; 0,0001673177; 0,3052461; 0,04427142; -0,6627409; -0,04971517; 0,5493875; 0,1389599
0,6124381; 0,08038306; -0,4660249; -0,5583513; 1; 0,60315; 0,6549561; -0,2823716; 0,1475721
-0,7811598; -0,3170445; 0,5394499; -1,606867; -0,8028669; 0,8222855; 0,2875008; -0,5744207; 0,9335554
-0,559799; 0,2042468; 0,2423783; -0,01461539; -0,02569176; -0,01064366; 0,860631; -0,1187208; 0,1462088
#
1; 0,6014527; -0,876114; -0,5199081; 0,6184131; -0,6805151; 1,109394; -0,5744663; 0,2660127
0,3448017; 0,8026442; 0,9715596; 0,684485; 0,3509282; -0,5581532; -0,1317813; 0,2932016; 0,3680373
