6;8;8;8;8;2
-1;1
#
-0,1856417; -0,1107649; -0,5005042; 0,08995047; -0,3925095; -0,3728988; 1
0,8502822; 0,3427905; 0,8133396; 0,7934428; -1; -0,6250935; -0,3652583
-0,5522683; -0,6055904; -0,3780963; 0,4046187; 1; -0,9908385; 0,2244868
0,8391224; -0,2940787; -0,6908119; 0,5189861; -0,002762835; -1; 0,4214519
0,4564909; -0,3404338; 0,6330288; -0,5856383; -0,1641087; -0,1974071; 0,5629475
-0,4399613; -0,3837375; -0,3540151; -0,3868677; -0,4337184; -0,7659816; -0,2013886
-1,034176; 0,06116115; 0,9180735; 0,02197071; 0,1174466; -0,0001584216; -0,620915
0,2487876; -0,697711; -0,9624429; -0,0984043; 1; -0,9800418; -0,7784246
#
0,542825; -0,2662158; 0,1593443; -0,81321; -0,07410349; -0,3257092; 0,9720439; 0,6883592; 0,9664115
-0,3151428; 0,7384107; 1; -0,08498865; 0,0974666; -0,1145518; 0,8634538; 0,2656571; -0,05826104
0,2521805; 0,7337858; 1; -0,2747364; -0,1603549; -0,3115745; 0,2537694; 0,7778502; -0,4591802
-0,7547406; -0,7907256; -0,7454081; -0,2027455; -0,08528311; -0,72491; 0,3245059; 0,723511; 1
-0,9438398; -0,0491028; 0,6643838; 0,4529552; -0,275021; 0,894933; 0,9888292; 0,5862663; -0,5882194
0,5367175; -0,2226577; -0,2503988; 0,9214583; 0,6187264; -0,002615303; -1; 0,5796618; 0,8542712
-0,1424538; -0,962518; -0,3663452; -0,6186262; 0,8317845; -0,3694215; 0,5262767; 0,8448058; 1
0,9625109; 0,0702427; -0,6450045; 0,8355905; -0,658067; -0,5152074; -0,08595277; 0,8026429; 0,2090302
#
0,6138688; 0,6910178; 0,07662742; 0,4880254; -1; -0,7396904; 0,6674258; 0,7558891; -0,608523
-0,5536669; -0,9531475; 0,6935088; -0,4532412; -0,8737865; 0,201441; 0,2576696; 1,049585; -0,2955839
0,5641894; 0,6788604; -1; 0,2960598; -0,06634848; 0,5727683; 1; -1; -0,8881819
-0,2129798; 0,6231064; 0,4277007; 0,2039535; 0,5276453; -0,2179957; -0,32448; 0,5809515; 0,9648517
0,5555547; -0,5004007; -0,8928218; 0,9832092; 1; 1; -0,617995; -0,2406957; -0,6346201
1; 0,3422258; -0,00816131; 0,7976182; 0,02430407; -0,2500153; -0,1981004; -0,2140152; -0,5428993
-1; -0,2526717; -0,1161971; -0,4801113; -0,9785841; -0,8918149; 0,2919167; -0,00027778; -0,8121501
-0,4070204; 0,3327453; 0,1460007; -0,5609445; -0,26441; 0,523383; 0,6200913; -1,018502; -0,7255606
#
0,4119207; -0,2888562; 0,1786249; -0,6853809; -0,1811335; 0,4768748; -1; -0,02138519; 0,2168018
0,4375607; 0,6216555; -0,382487; -0,3664086; 0,6626034; -0,2071033; -0,2033427; -0,2285178; -0,1672773
-0,7589467; -0,442632; 0,8395192; 0,08893573; -0,5178558; 0,3820924; -1; 0,4200717; 0,5307207
-0,061065; -0,7592354; -0,4766824; -0,5950943; 0,4526564; 0,4869836; -0,2720177; -0,6336909; -1
-0,2681338; 0,5982806; 0,2670558; 0,5678839; 0,9330194; 0,8346193; -0,7659646; -0,1820844; -0,3227171
-0,7490062; 0,5425435; -1; -0,2955055; -0,4441032; 0,559416; 0,1644856; -0,8580243; -0,08004946
0,6991954; -0,8914918; 0,08366529; -0,63906; -0,8670437; 0,6776816; -0,980839; -0,1679826; 0,08892427
-0,6582464; 0,9345754; -1; 0,1824; -0,0007025376; -0,5809656; -0,3970707; -1; 0,6640714
#
0,2632689; -0,4053386; -0,548148; 0,8019692; 0,6272394; 0,3009934; 0,7197602; 0,5669211; 0,3737282
-0,8438019; 0,5306242; -1; 0,7261636; -0,732805; 0,8691821; 1; -1; -0,2720931
