6;8;8;8;8;2
-1;1
#
-0,1703569; -0,1031772; -0,6942282; 0,08468866; -0,3220206; -0,5861558; 1,016432
0,5782695; 0,1069649; 0,6866975; 0,9648962; -0,9144976; -0,5482618; -0,2046969
-0,6013992; -0,01332709; -0,4715855; 0,317977; 0,8944921; -0,6534755; 0,1537726
0,847728; -0,05976987; -0,7877795; 0,511556; -0,08993763; -1,046594; 0,793108
0,3854717; -0,4342254; 0,3663641; -1,069994; -0,1602217; -0,2372023; 0,6978534
-0,2665436; -0,01803572; -0,3829644; -0,00155361; -0,6586909; -0,8451747; -0,2714644
-1,093453; 0,1053142; 1,064158; -0,0250368; 0,1289774; -0,0001584216; -0,2103391
0,7315744; -0,6222218; -1,054456; -0,2838206; 1,059597; -0,983235; -0,2891814
#
0,5757143; -0,3096464; -0,06794626; -0,6433616; -0,04471073; 0,1261463; 1,01205; 0,608633; 1,134971
-0,09221459; 0,6823593; 1,167396; -0,1362091; 0,1408257; 0,07617901; 0,6127733; 0,2364546; -0,2164567
0,5828451; 0,6606902; 0,9606877; -0,07653297; -0,1828543; -0,08477598; 0,238447; 0,2863703; -0,4233127
-0,680622; -0,6820675; -0,4091477; -0,2876416; 0,1617913; -1,008853; 0,3385299; 0,805714; 0,8957393
-1,309002; -0,04520833; 0,9795278; 0,2776429; -0,03816595; 1,073616; 0,9480249; 0,5797219; -0,6150042
0,2015191; -0,07060985; -0,6621272; 1,081073; 0,5909299; -0,4471995; -0,8612444; 0,4127908; 0,7098842
0,02383344; -1,117743; -0,5657809; -0,6716669; 0,6740063; -0,2913819; 0,8839432; 0,3721307; 1,018182
1,157567; 0,1686987; -0,5818052; 0,7963269; -0,8436791; -0,6603435; 0,2224003; 0,6812487; 0,3162005
#
0,7077804; 0,70925; 0,1001213; 0,3268354; -0,6934739; -0,9970275; 0,7871618; 0,8101501; -0,403818
-0,4714918; -0,29675; 0,8608731; -0,1917194; -0,9781319; 0,2141858; 0,2884361; 0,9239973; -0,2329948
0,4443363; 0,5541412; -1,419957; 0,1186431; 0,3018755; 0,3000045; 1,001939; -0,8077273; -1,289829
-0,01179267; 0,5461254; 0,2363895; -0,09703667; 0,4531795; -0,5456492; -0,2237129; 0,747871; 0,9808273
0,372963; -0,1078891; -1,009758; 0,8313138; 1,160454; 1,310623; -0,7627156; -0,1139147; -0,4161967
0,8600199; 0,3805721; -0,04705104; 0,7604678; 0,1964447; -0,1975653; -0,0467708; -0,4336835; -0,3438646
-0,8215336; -0,7714691; -0,09357333; -0,6561914; -1,465486; -1,059542; 0,3057452; -0,01457294; -0,6809629
-0,2848056; 0,4472744; -0,007643901; -0,5031955; -0,1349472; 0,4379765; 0,6535877; -1,156017; -0,5833219
#
0,2612965; -0,7684766; -0,02570052; -0,3788604; -0,380637; 0,3319399; -0,9620788; -0,03318188; 0,1022735
0,5892384; 0,7403652; -0,4229178; -0,5961726; 0,9759166; -0,8856409; -0,4260444; -0,2209604; -0,4259111
-1,239043; -0,2876677; 0,5335869; 0,1307462; -0,5328103; 0,4236002; -1,342978; 0,7047038; 0,3890096
-0,1521682; -1,413941; -0,5894554; -0,5257471; 0,5997698; 0,561474; -0,1954839; -0,4536601; -1,023798
0,08939524; 0,5694184; 0,3908101; 0,9079149; 1,19916; 0,6358108; -1,041793; -0,08374806; -0,1786329
-0,6659437; 0,6332425; -1,374479; -0,3612989; -0,2755806; 0,5959652; 0,1817781; -1,177675; -0,2720684
0,8365437; -1,016181; 0,1117808; -0,7461117; -1,007913; 0,6006543; -0,8305647; -0,7272697; 0,3356186
-0,4645175; 1,297943; -1,10129; 0,1491856; -0,2221651; -0,5095187; -0,644739; -1,02691; 0,5761373
#
0,2566256; -0,4454457; -0,2194968; 0,9046976; 0,618985; 0,2867939; 0,8933272; 0,6550022; 0,256027
-0,8834175; 0,8705509; -0,7888528; 0,4905391; -0,4440753; 0,8081644; 1,031871; -1,227898; -0,1776134
