6;8;8;8;2
-1;1
#
0,1659866; 0,6498557; 1,612311; -1,80927; -1,342179; 0,7376447; -2,487492
-0,5619259; 1,354428; 0,0652404; 2,892313; -0,7013438; 0,152338; -0,05093248
-2,048254; 2,7478; -1,037503; -0,01984187; 1,991591; 0,1384095; -0,3080875
-0,9166159; -0,804671; -1,230299; -2,471442; 2,301887; -1,91524; 0,5364569
1,095853; 0,4382222; -0,3414333; -0,1519933; -0,5666056; 2,749821; -0,4604396
-0,3820735; -2,735693; 0,8952733; -0,4694477; -2,866834; 1,677562; -1,799914
0,7052097; -0,5336277; 0,6438819; -0,1508742; 0,2240597; 2,360683; -0,5458919
1,333673; 2,293261; -1,582395; -0,5469112; 3,95417; -2,545925; 0,8949996
#
-0,8822057; 0,7110633; 0,5709757; 0,6747718; 1,598643; -2,89538; -0,1010666; 1,318075; 0,891552
1,46645; 0,7507032; -0,696221; 0,8902658; 0,5260344; -1,610573; 3,163689; 0,7002512; 0,2637533
-1,445815; -0,3856464; -1,051609; -0,6185909; 0,7604929; -0,3977162; -0,383581; 2,63852; -1,123876
2,364437; -0,4811536; 3,86563; 2,051414; 2,538279; -1,762702; 0,6076275; -0,1591585; 0,1444388
1,456913; -0,3222609; 0,7866346; 3,299165; -2,909199; -0,4062541; -0,6825122; -1,355411; -0,09895499
2,967892; 1,384285; -0,5249332; 0,15442; -1,064237; 0,328906; -0,1938756; 0,4503579; 0,05428521
-0,2798555; -1,438615; 1,744523; 0,2825071; 0,1688016; 3,554221; 0,001865491; 0,06049991; -0,4547611
-1,520842; 1,342202; -0,8465735; -1,191163; -2,294743; 1,461511; 0,1124765; -1,7643; -0,8240199
#
-0,9155666; -1,970691; -0,3835226; 0,6140209; -0,4230562; 1,071037; -1,753036; 0,6715333; 0,001484886
0,5191615; 1,160188; -0,5574748; 1,966776; 0,5323594; 1,76603; 1,875866; -0,9070439; -1,631047
0,6268175; -0,03669456; 1,532969; 0,9932433; -0,2165533; -1,803162; -1,546757; -0,9861562; -1,515486
2,614358; 1,009483; -0,1722019; 0,6443503; -2,331221; -1,49932; 1,18671; 1,580369; -2,405196
1,479199; 3,436468; 1,199482; 1,844884; -0,7098663; 2,715873; -4,656055; -0,3845483; 1,055151
0,4533821; -1,223231; 2,184964; -0,08518035; 0,2587399; 2,868232; -1,201024; -0,4169831; 0,3104679
-0,04494218; 0,2546279; 0,02572948; 1,00627; 0,3998296; 0,4210874; -0,01552868; -0,4930625; 0,8849506
1,644381; -0,291694; -0,2598376; 2,269259; 0,70003; -0,3012977; 2,074612; 1,582991; -0,7803759
#
-0,1990026; -0,1772683; -0,4748692; -0,6457415; 0,07969656; -0,8618909; -0,7479149; -1,943283; -0,1835497
0,4690024; 0,6112945; 0,7342904; -0,6777616; -2,205029; 1,744292; -1,896672; 0,01561754; -1,120067
