6;8;8;8;8;2
-1;1
#
0,07214066; 0,05880477; -0,8828607; 0,04463625; -0,1865733; -0,3245241; 0,9290044
0,5260622; -0,4741957; 0,9704993; 0,8822207; -0,5379134; -0,234457; -0,5014511
-0,6751409; -0,6370122; -0,3812687; 0,2185651; 0,8454182; -0,3949044; 0,2068455
0,7766203; 0,4207217; -0,9040444; 0,9150546; -0,2972387; -0,7459557; 1
0,5536709; -0,8555313; 0,7003882; -1; 0,1160535; -0,2212182; 0,6193076
-0,405395; -0,4779692; -0,1203651; 0,0733651; -0,6414556; -0,4805125; -0,1747105
-1,093799; 0,3975099; 1; -0,09800674; 0,2260341; -0,001912862; 0,4351807
0,440868; -0,8281195; -0,6978717; -0,6440501; 0,8340863; -0,4521971; -0,0034962
#
0,5500207; -0,4254322; 0,04897057; -1; -0,1639032; -0,09026739; 1; 0,409922; 0,9949571
-0,2706572; 0,723888; 1,074159; -0,1993861; -0,2853965; 0,1072054; 0,9133418; 0,06830309; -0,692567
0,6459643; -0,009515226; 0,7897307; -0,2626034; -0,5741902; -0,2640389; -0,5870229; 1; -0,8012607
-0,8628173; -0,3022948; -0,9184542; -0,6166857; -0,2326641; -0,7012742; 0,3219688; 1,01123; 0,9118868
-0,9772916; 0,1628745; 0,8547084; 0,04345027; -0,1759779; 0,5984808; 1; 0,9016658; -0,779622
0,4550855; 0,2349865; -0,7381945; 0,9138364; 0,4434466; -0,6598907; -0,8937047; 0,1784627; 0,8200662
-0,1015741; -1,024052; -0,6757637; -0,5523488; 0,3104972; -0,6090226; 1; 0,348003; 0,4393394
0,6357678; 0,1961817; -0,1724627; 0,9082751; -0,7221618; -0,2135004; 0,3226717; 0,3241712; 0,3699636
#
0,4650808; 0,3067292; -0,3130622; -0,1825446; -0,3697928; -0,79397; 0,7518089; 1; -0,1238421
-0,231287; 0,1072198; 0,484465; 0,08574632; -0,7994869; 1; 0,6081375; 0,9435864; -0,322068
-0,02366567; 0,5060439; -1; 0,3693782; 0,6325698; -0,1898076; 0,8869659; -1; -1,030898
-0,5232984; 0,3873159; 0,4812851; -0,1698799; 0,5425159; -0,3606299; -0,4013883; 0,2430874; 0,9970918
0,5711366; 0,1674875; -1,088379; 1; 0,8559457; 0,7395223; -0,6965791; -0,1432408; -0,8947127
0,7730886; 0,321384; -0,3643484; 0,5849835; -0,3792127; -0,7625015; 0,5803889; -0,4256667; -0,1156113
-0,2919324; -1; -0,09910616; -0,5141039; -1; -0,9763541; -0,06398916; -0,1251084; -1
-0,2992183; -0,1819922; -0,1599622; -0,5940692; -0,1756534; 1; 0,1460323; -0,9322466; -1
#
0,3121492; -0,7267913; 0,3018937; 0,1799007; -0,85315; 0,5391362; -0,7157529; -0,06857882; -0,2531967
0,6483827; 0,9678051; -0,1193467; -0,946939; 0,3848256; -0,9116255; -0,3957762; -0,3948709; -0,4206754
-0,9192473; -0,4228713; -0,3291606; -0,6607034; -0,5924923; 0,01648048; -0,9454311; 0,8068547; 0,06809335
-0,1897644; -0,90271; -0,2587093; -0,549618; 0,1491955; 0,9855077; -0,01646335; -0,8851911; -1,081824
-0,02086806; 0,7039391; -0,1331825; 0,9716644; 1; 0,01000404; -0,912258; 0,1587299; -0,4468094
-0,4706937; 0,8892847; -0,8994617; 0,1870473; -0,6550954; 0,7094276; 0,3389302; -0,7754275; -0,2588596
1,004948; -1; -0,2221595; -0,3801618; -0,3333769; 0,5145053; -0,3962874; -1; 0,2077631
-0,2455532; 1; -0,618453; 0,342001; -0,1395195; -0,09951332; -0,8428797; -0,8861152; 1
#
0,06171772; -1,199634; -0,3426372; 0,9848986; 0,9958035; 0,3124902; 0,9536182; 0,3905113; 0,08711115
-0,8749549; 0,5028412; -0,613562; 0,3906375; -0,355342; 1; 1; -0,9974977; -1
