6;8;8;8;8;2
-1;1
#
0,05696302; -0,1017374; -0,6701594; 0,370281; -0,21352; -0,4290668; 0,8555862
0,696851; -0,2823788; 1; 1,105297; -0,5736101; -0,6416078; -0,2908146
-0,7110013; -0,3783198; -0,4628765; 0,6063693; 1,00691; -0,4315807; 0,2430416
0,7661293; 0,4761167; -0,9209943; 0,9225675; -0,1295931; -0,7851276; 1,106484
0,5337444; -0,8664973; 0,503573; -1,243443; 0,1236016; -0,1626907; 0,4209155
-0,3446777; -0,5323128; -0,2983095; 0,008101016; -0,889442; -0,5519922; -0,3018778
-0,9718591; 0,3569103; 0,9851364; -0,06266978; 0,3177918; -0,0001584216; 0,2100914
0,6598905; -0,9524606; -0,7929449; -0,5138432; 1,037381; -0,5135348; -0,307087
#
0,5297298; -0,4808217; 0,4022482; -1,062163; -0,1728234; 0,05468155; 0,9462888; 0,3789631; 0,9412205
-0,225869; 0,6818798; 1,040012; -0,4541587; -0,1844863; 0,1707548; 1,001809; 0,02460695; -0,5210233
0,873745; -0,07762446; 0,9290125; -0,1281556; -0,5954282; -0,2245169; -0,5822537; 0,7779059; -0,5489166
-0,680691; -0,2832326; -0,8153406; -0,5517761; -0,0941112; -0,8417192; 0,3543219; 0,6262131; 0,8765023
-1,044704; 0,190997; 0,8687768; 0,09421594; -0,1066996; 0,6074859; 0,8396221; 0,9376893; -0,6855537
0,5302271; 0,124993; -0,7606018; 1,028223; 0,4434466; -0,5984156; -1,000468; 0,2253186; 0,8200662
-0,2478218; -1,134066; -0,6722266; -0,5505496; 0,4114082; -0,49822; 0,8602303; 0,2540866; 0,5616265
0,816951; 0,1961817; -0,2637454; 0,6426687; -0,8243319; -0,1017367; 0,3226717; 0,5951163; 0,1952397
#
0,5304575; 0,3631602; -0,1975007; -0,1770933; -0,5112103; -0,6626228; 0,6275566; 1,075841; -0,2513642
-0,278884; 0,1072198; 0,4167309; -0,158769; -0,849621; 0,9647086; 0,6938611; 1,159143; -0,322068
0,2582184; 0,5595247; -1,037597; 0,2623025; 0,5321488; -0,07259083; 1,154546; -0,7259796; -1,076978
-0,3861713; 0,535181; 0,6356317; -0,2164296; 0,6054202; -0,3104452; -0,322699; 0,2277288; 1,060236
0,6857209; -0,1506859; -1,02394; 1,016763; 1,178006; 0,6695702; -0,7488424; -0,09673651; -0,8716887
0,8564404; 0,3209828; -0,3594243; 0,8539205; -0,2162018; -0,5097596; 0,4958872; -0,3582028; -0,2594119
-0,2682992; -1,103425; -0,1240084; -0,7410154; -1,24777; -1,145262; -0,1843195; -0,1829456; -0,8112395
-0,05852517; -0,1563027; -0,1206112; -0,6486864; -0,3638062; 1,159744; 0,179019; -0,7546715; -0,8191125
#
0,3197699; -0,7215834; 0,4073578; 0,07714684; -0,7663047; 0,5567245; -0,7155135; -0,1048801; -0,32938
0,551617; 1,000426; -0,1466831; -1,077223; 0,5177748; -0,6735259; -0,4573212; -0,224241; -0,3577378
-1,073649; -0,2018039; -0,09658559; -0,5418562; -0,5667775; 0,01093658; -1,06125; 0,6420755; 0,142515
-0,2585437; -0,8335623; -0,29381; -0,7295979; 0,1697185; 0,9855077; -0,02523248; -0,8301315; -0,8262615
0,2749552; 0,4760405; -0,1730489; 0,9650996; 1,154883; 0,2201433; -0,970561; 0,06765135; -0,4042715
-0,3349498; 0,6940897; -0,7976254; -0,1800663; -0,6313564; 0,8052403; 0,4232203; -0,888265; -0,31008
0,8776041; -0,9426006; -0,09476402; -0,5593991; -0,5740778; 0,453043; -0,6966492; -0,8689609; 0,5007553
0,01553468; 1,080021; -0,627552; 0,3131076; -0,1456682; -0,1326531; -0,795908; -0,8044254; 1
#
-0,08877689; -1,016359; -0,3423281; 1,044085; 0,9414539; 0,3431018; 1,114709; 0,4066992; 0,1874324
-0,8790318; 0,4638688; -0,6418192; 0,4983971; -0,3696662; 0,9704311; 0,9209197; -0,9573398; -0,5538218
