6;8;8;8;8;2
-1;1
#
-0,1328304; -0,005572833; -0,3921314; 0,03312314; -0,3220206; -0,6641826; 0,8998876
0,6358181; 0,1605354; 0,5073308; 1,053764; -0,9104586; -0,6055201; -0,1277166
-0,571451; 0,05534203; -0,4808172; 0,5254365; 0,7750871; -0,6661406; 0,1427553
0,8413745; 0,003972597; -0,8064042; 0,2757244; -0,1383265; -1,040198; 0,804072
0,3087984; -0,4430117; 0,3597375; -1,004475; 0,07701073; -0,3245431; 0,5828846
-0,3574373; 0,04720563; -0,3687252; -0,1057748; -0,6586909; -0,8712771; -0,1954774
-1,038271; 0,01909293; 0,9873726; -0,05282233; 0,09791152; -0,0001584216; -0,08561529
0,7254392; -0,4517683; -1,125806; -0,3320499; 1,004467; -0,5907209; -0,03422982
#
0,6529778; -0,1858405; -0,04586733; -0,5588504; -0,1744253; 0,1084281; 1; 0,662719; 0,8978029
-0,01674174; 0,677087; 0,8651897; 0,02939247; 0,1382894; 0,09309418; 0,5530885; 0,1027189; -0,1913117
0,6782411; 0,5964385; 0,8343875; -0,2400104; -0,08334364; -0,3085999; 0,4995836; 0,2338347; -0,3629972
-0,6770099; -0,605185; -0,2189331; -0,2659983; 0,295328; -1,099106; 0,2200373; 0,8755114; 0,8371539
-1,034391; 0,05082407; 1,008312; 0,2776429; -0,001157463; 1; 0,9480249; 0,6229402; -0,4680687
0,3335456; -0,1708639; -0,4992937; 1,013261; 0,6370066; -0,3824382; -0,6896636; 0,39656; 0,8607942
-0,04680236; -0,9694108; -0,4985518; -0,7087865; 0,4773494; -0,4380655; 0,7831818; 0,3275749; 1,063703
1,064446; 0,1638709; -0,6071048; 1,016201; -0,9207644; -0,7590956; 0,2552468; 0,7381831; 0,3162005
#
1,136681; 0,8009346; 0,02266298; 0,3366745; -0,5014826; -0,8760385; 0,7871618; 0,8101501; -0,6570185
-0,2346833; -0,1536126; 0,7323421; -0,2688769; -0,9345211; 0,3191422; 0,07708584; 0,838783; -0,1948411
0,5590544; 0,661057; -0,9317705; 0,2500007; 0,1735434; 0,3198221; 0,8215802; -0,470663; -1
0,05828711; 0,5461254; 0,390463; 0,1794879; 0,5540897; -0,6993075; -0,1886868; 0,6777077; 1,134818
0,4932695; -0,07764019; -1; 0,8957663; 1,437625; 0,9217175; -0,6907564; -0,254146; -0,4779256
0,7914261; 0,3805721; -0,1389504; 0,82342; 0,1964447; -0,2792028; 0,04901825; -0,3302637; -0,2828116
-0,8494442; -0,5310596; -0,1921275; -0,6354946; -1,093362; -0,9297679; 0,2474703; 0,05856045; -0,6390903
-0,4060277; 0,3237675; 0,1386414; -0,2093351; -0,1113786; 0,6809446; 0,6785292; -0,9901527; -0,7490677
#
0,1990445; -0,9114887; -0,09383731; -0,3713683; -0,4236067; 0,2764921; -0,9620788; -0,138717; 0,1663271
0,5892384; 0,8726943; -0,3360201; -0,5311479; 0,9759166; -0,9328743; -0,3639683; -0,2549566; -0,5799429
-1,01062; -0,1567812; 0,607407; 0,3048102; -0,4393424; 0,6893085; -0,8944052; 1,110566; 0,3890096
-0,02680925; -1; -0,6876004; -0,4857387; 0,5997698; 0,4636819; -0,3799133; -0,4737164; -0,9774421
-0,1356819; 0,6228042; 0,3585036; 0,9595642; 0,9427613; 0,6699417; -0,9969734; -0,1686716; -0,1786329
-0,5893621; 0,4596102; -0,9531906; -0,1637853; -0,3684399; 0,5524415; 0,327973; -1,087122; -0,2720684
1,029175; -0,7660897; 0,05245958; -0,8700879; -0,8024276; 0,7128153; -0,958119; -0,8429874; 0,554104
-0,4017157; 1; -1,013174; 0,1309258; -0,2219786; -0,4561254; -0,8471663; -1; 0,3864313
#
0,2234414; -0,485813; -0,2194968; 1,05931; 0,4661011; 0,1115989; 1,036342; 0,7075471; 0,4378391
-0,8491705; 1,045743; -0,7017952; 0,2926236; -0,4486113; 0,8596746; 0,9118634; -0,9399443; -0,2351106
