11;6;6;2
-1;1
#
-0,4278501; -0,7550747; -0,633258; -0,6908795; 1,959651; -1,197002; 0,7440657; 0,03856295; -0,05583985; -1,590153; -0,05599018; 1,125208
1,089331; 0,4190187; 1,605136; 0,06932443; 0,3928556; -1,094144; 1,420375; -0,1882578; 1,238767; 0,1516138; -0,2941107; -0,04689157
-1,034194; -0,0009994507; 0,2296824; 0,1365822; 1,354232; -0,3200442; 0,3746544; 0,3723459; -0,7815212; -0,9456434; 0,4030288; 0,5326212
0,02616999; -0,03345984; -0,05355236; 0,07535207; 0,2734734; 0,08177201; 1,261726; -0,1102647; -1,104862; 1,140574; -1,053242; 0,5806266
1,18495; 0,06997062; -1,219138; -1,870607; -1,572706; 0,9334221; 0,4383336; -0,600454; -0,4285142; -1,000628; 0,853802; -1,05156
-0,5282763; -0,02253301; 0,4602141; 0,1396097; 0,07817961; 1,218113; 0,4924276; 0,741365; -0,25308; -0,8761535; 0,5607817; -0,3750964
#
-0,2696787; -1,039933; -0,5117698; 0,5790114; 0,1228738; -0,7531449; -0,2736124
0,1939507; 0,5635989; 1,520832; -0,4351035; 0,3031548; -0,6574996; -0,4665536
0,2450338; -0,3379531; 1,019504; -0,6969741; 0,9605886; -1,227558; -0,1816561
0,895403; 0,1625471; 1,141575; 0,2177137; 0,8156275; -1,149671; 0,392274
0,7601891; -1,456688; -0,02753122; -0,06532939; -0,469467; 0,6240504; 0,9953081
-0,1598564; -0,5795309; 1,308771; 0,6953304; -0,05704212; 0,448057; -0,203617
#
0,09448862; -1,180644; 0,6262095; -0,206872; -0,5871661; -0,5764604; 0,2543904
-0,392049; 0,777476; -0,2954513; -1,03509; 1,381798; -1,236584; -0,4865031
