11;11;10;2
11;11
#
0,3555598; 0,1453363; 0,7693248; 0,02337015; -0,3434337; 0,5059514; 0,1632635; -0,002380252; 0,5959997; 0,6436751; -0,2640845; -0,09698395
-0,7886007; -0,8902974; 0,5406966; -0,6837788; -0,3894492; -0,05864377; -0,7210166; -0,8319521; 0,07022536; 0,306638; 0,9826372; -0,4243995
0,1332618; 0,8203492; -0,8881977; -0,8048937; 0,2220661; 0,973999; -0,5013206; 0,735604; 0,2465488; 0,6208403; -0,822963; 0,9245143
-0,1462387; -0,8058081; 0,8389335; -0,260795; -0,6749644; -0,7828984; 0,5147415; -0,8498607; -0,06696808; 0,70398; 0,2141224; 0,5760074
0,08071077; -0,04392111; -0,2804369; 0,5605447; -0,6777835; 0,7451236; 0,8501091; -0,5311282; 0,4603898; -0,9935646; -0,6517887; -0,7234814
0,3604469; 0,6261947; 0,2966084; -0,7419136; -0,5365376; 0,7501221; -0,6494474; -0,5117455; 0,2134522; 0,5736799; -0,9126408; -0,5815346
0,8028502; 0,464987; -0,6311184; -0,01318967; -0,6935058; -0,8317211; -0,5762982; 0,4458265; 0,2763788; -0,5403087; 0,5377853; -0,7853541
-0,1438817; -0,533911; -0,02212918; 0,3823029; -0,8930318; 0,451246; 0,4437979; -0,9092095; -0,3396288; -0,9576831; 0,6603451; -0,8139818
-0,1843487; 0,8158016; 0,05042708; -0,4102298; -0,3254884; -0,4940048; -0,9950709; -0,9154148; 0,7845857; 0,307338; 0,8589869; 0,5251417
0,09537177; -0,2174357; 0,9975576; 0,2614851; 0,004185215; 0,0931865; -0,8013995; 0,4764268; 0,6427705; -0,7170415; 0,9292397; 0,8281581
0,5381944; -0,6049023; -0,7207286; -0,5722136; 0,2546792; 0,1730932; -0,557673; -0,6978104; 0,1647528; 0,60746; -0,3748282; -0,9452367
#
-0,4392878; 0,6649175; 0,7842469; -0,4083368; 0,9558725; 0,6513932; 0,9709299; -0,0820111; -0,8439898; 0,7401183; 0,2767963; -0,4328533
-0,008490443; 0,4380562; 0,5486774; 0,2952172; 0,3773086; -0,8117189; 0,4177801; -1,044931; -0,3946222; -0,1150051; -0,3479368; -0,4376527
0,4314539; 0,2974488; 0,6188228; -0,7309301; 0,8447821; 0,4864957; -0,9459076; 0,431421; 0,03445113; -0,6137273; -0,1644775; 0,4448721
0,01031725; -0,4317595; -0,5807924; 0,4292891; -0,8918576; -0,7900181; 0,3425224; 0,8022757; -0,5107651; 0,09364998; 0,04906346; 0,942184
0,3278835; -0,3475786; 0,08274348; -0,6258411; 0,5768881; -0,441842; 0,6701791; -0,388814; -0,8385978; -0,611227; 0,3969991; -0,3978025
0,4872958; 0,8833656; 0,3521236; -0,7220361; -0,5077951; -0,7617142; 0,03779685; 0,7285633; 0,03723061; 0,4163; 0,3876927; -0,4894658
-0,3289925; 0,0539149; 0,9316912; 0,812052; -0,8517291; 0,3279066; 0,8000331; -0,7228537; 0,3903211; 0,4211998; 0,6064773; -0,9433274
0,9134212; -0,6244073; 0,3523903; 0,06258118; 0,6770544; 0,1981465; 0,4439685; -0,09987175; 0,4259159; -0,8946095; 0,4310066; 0,842438
0,1994437; 0,02062786; 0,6533008; -0,273235; -0,4063627; -0,4489111; -0,1885558; -1,032458; 0,2853355; -0,3385397; 0,9913509; 0,7687995
-0,3238033; -0,8756189; 0,94835; -0,7989929; 0,9440432; 0,7709854; 0,6733403; 0,1134194; 0,009059072; 0,5015161; -0,3492206; -0,1529309
#
-0,1837367; -0,6140349; 0,9474387; 0,6364033; 0,2763171; 0,3786537; -0,246071; -0,7212141; -0,4585346; 0,9915874; 0,3659529
0,2127053; 0,5508657; -0,2706779; 0,8640359; 0,7017977; 1,086937; -0,2569424; -0,968101; 0,4259338; -0,3912195; 0,6756761
