11;11;10;2
11;11
#
0,06560338; -0,8614848; -0,008637547; -0,644282; -0,2991415; -0,4059244; -0,5620139; 0,9926243; 0,7343916; -0,1501688; -0,985429; 0,2346698
-0,01579964; 0,6902626; 0,1756387; -0,8959556; -0,4529277; -0,114298; -0,6190217; 0,5671058; -0,08485594; 0,4445684; 0,0949651; -0,3309971
-0,729347; -0,9749544; 0,3136763; 0,01396596; 0,1207212; 0,08186376; 0,9116023; 0,8015532; -0,3226603; -0,6322014; 0,153392; 0,6116266
-0,3694817; 0,9574244; -0,8252056; -0,205201; 0,5569665; 0,1040906; 0,4650171; 0,3851461; 0,6389935; 0,4859516; -0,8092584; -0,7700889
0,1743456; 0,3755974; 0,3577726; -0,717823; 0,07047053; -0,7002288; 0,9633375; 0,4410498; -0,745497; 0,8946752; 0,9105704; -0,8334651
-0,3358454; -0,7195196; -0,8867533; 0,7533169; -0,7356999; 0,5476344; -0,843267; -0,9529357; -0,6579123; 0,2177433; -0,6324229; 0,7084997
0,448579; -0,610764; 0,8329923; -0,3940541; -0,419902; 0,1696867; 0,3796377; -0,4606873; -0,8183744; 0,9317887; -0,03592002; 0,1621383
-0,8045766; 0,2919259; -0,1899081; 0,853694; 1,126175; -0,6409156; 0,4985272; -0,3901764; 0,05074728; -0,6589935; 0,08239305; -0,7337141
0,2350646; -0,935317; 0,6476374; 0,03964794; -0,5246432; 0,2875549; -0,6262379; -0,7176745; 0,13664; -0,2444342; 0,9552238; -0,8368945
0,4699973; -0,8445151; -0,7620771; 0,6764235; 0,5844357; 0,329745; 0,8724818; 0,9773149; -0,2956103; 0,7096529; 0,6488369; 0,2435855
0,73717; 0,9145505; 0,6574199; 0,3332085; 0,5148652; 0,2158886; -0,5090044; 0,1904982; 0,7912546; 0,8502719; 0,912143; 0,1626898
#
0,8206689; -0,6231406; 0,6317012; -0,1380268; -0,251592; 0,1627063; 0,7781065; -0,1479374; -0,3088113; 0,1576349; 0,4186763; 0,4271553
-0,2934541; 0,02494204; -0,4381109; -0,35236; 0,3142639; 0,2860155; -0,4873012; -0,1212429; 0,1319913; 0,1111642; -0,491985; 0,5632825
0,4566874; 0,05089509; -0,7579288; 0,2495183; 0,9973471; -0,5509825; 0,4123895; -0,3317219; -0,2883722; -0,1388276; -0,4337654; -0,005351819
-0,1293924; -0,0408773; 0,5749156; 0,7159016; -0,5663006; -0,8725358; 0,1607138; 0,07726121; 0,07506287; -0,07936072; 0,04246962; 0,5943956
-0,066903; 0,569602; -0,6951728; -0,5871537; 0,440056; 0,6818497; 0,2259175; -0,4065801; -0,6297212; 0,3529579; -0,666832; -0,6540352
0,1642593; 0,3337974; 0,3177681; -0,1360813; -0,5964525; -0,1432511; 0,8456478; 0,464725; 0,2763605; 0,1759943; -0,8679192; 0,9077566
0,5564849; 0,4919929; 0,2372619; -0,923316; -0,947053; -0,0184859; -0,1608764; 0,574719; 0,3937366; -0,487631; -0,4698841; 0,01225722
0,7788641; 1,00751; 0,5765476; -0,6379952; 0,6335442; 0,3708372; 0,8854103; -0,3918508; 0,5801198; 0,07542741; 0,03331363; 0,7887311
-0,2288612; 0,5610612; -0,08214247; 0,2254444; 0,09336388; 0,1685995; -0,3161353; 0,3503575; -0,1816307; -0,4280969; -0,8931141; -0,3279203
0,9615006; 0,5862305; -0,7786579; -0,5495055; 0,4044758; -0,03730112; 0,1037551; -0,6570685; -0,7414913; -0,978271; 0,9856353; 0,1611825
#
-0,8023399; -0,1169287; -0,3832654; -0,2427922; -0,2414488; 1,035403; 0,6292986; 0,9385145; 0,5876238; -0,4523507; 0,5787423
-0,8975847; -0,4969355; 0,3352017; 0,8684304; -0,7733042; -0,8562621; -0,08401215; 0,4366758; 0,6796894; 0,5200276; 0,6142862
