8;4;4;2
8;4
#
0,5404482; -0,2166504; 0,8237996; 0,3543732; -0,6297687; 0,7871068; -0,1668593; -0,145203; 0,2167317
-0,6148312; -0,3949031; -0,6338842; 0,2644093; 0,9821542; 0,995065; 0,4232611; 0,6685026; -0,1819459
-0,3536822; -0,8240327; 0,2143812; -0,09449446; -0,5663841; 0,7396069; -0,2120422; -0,1352192; 0,9436393
0,8015728; -0,1834246; 0,358171; -0,6723669; -0,279585; -0,9944701; -0,05577067; -0,6562762; -0,5839074
#
0,0203478; -0,8433363; 0,01630318; 0,791842; 0,4097074
-0,3605834; -0,9681458; -0,6477003; -0,517739; 0,5438797
0,9229622; -0,2508515; 0,2716715; 0,6950385; 0,5543387
1,044835; -0,04967058; 0,4578369; -0,6121792; -0,488887
#
-0,9880066; -0,2370175; -0,6863661; -0,3198925; -0,2689375
-0,9119663; -0,09292376; 0,7307441; 0,6799329; 0,9897413
