11;6;6;2
-1;1
#
-0,2645935; -0,9759002; -0,7383926; 0,08716547; -0,5999167; 0,8290873; 0,8227506; 0,189778; 0,1768783; 0,3484125; 0,6051714; 0,5461533
-0,1448995; 0,7086453; 0,004001737; 0,2741108; 0,1389533; -0,3894459; 0,008744121; -0,02918422; -0,7771263; 0,0217315; -0,5191138; 0,149676
0,5592213; -0,2232007; -0,2041253; -0,2610275; -0,9669523; -0,1315039; 0,8245513; -0,6257451; -0,5201476; 0,7911661; 0,1587354; -0,3267311
0,3854825; 0,683687; -0,6685915; -0,6238077; 0,293112; -0,1912264; -0,8636222; 0,8420217; 0,3306155; -0,5110283; 0,7804081; -0,006389499
0,6932597; 0,3253357; -0,844908; 0,5687158; 0,1920563; -0,9190049; -0,01492608; -0,3427962; -0,5637021; -0,8352387; -0,8600948; 0,2222282
-0,9709854; -0,9750044; -0,8052766; -0,9027493; -0,6529143; 0,0437938; -0,2679871; 0,5299389; -0,8236566; 0,2908578; 0,8023229; 0,8940103
#
-0,6243818; -0,06418002; 0,3065095; -0,3073946; 0,78251; 0,8856337; 0,08363259
-0,1320502; 0,1002876; -0,2804934; -0,1758457; -0,07695162; 0,3681676; 0,1631895
-0,9683468; -0,7902265; 0,5291269; -0,4534763; 0,3830359; -0,3683418; 0,5627022
0,2252122; 0,2182134; 0,3502543; 0,3274369; -0,4525915; 0,9331982; 0,2948091
0,5005567; -0,8116703; 0,3847665; 0,880991; -0,9035435; 0,4143283; 0,8822131
0,7319853; 0,278444; -0,3140246; -0,7933722; -0,9904132; 0,1210254; -0,9695463
#
0,1821285; 0,6216507; -0,3068763; -0,4059736; -0,739701; 0,4160936; 0,3312602
0,4315672; 0,8287113; 0,6770947; 0,3167135; 0,753176; 0,2470366; -0,2115217
