11;6;6;2
-1;1
#
0,5902803; 0,5688815; 0,2586541; 0,6005809; 0,2400857; 0,476201; 0,6025476; 0,02582109; 0,5126648; 0,3148169; 0,1383942; 0,2180175
-0,4483391; -0,2388071; 0,3665285; -0,4345564; 0,3436601; -0,8614049; 0,6618249; 0,6344697; 0,02277482; -0,8257458; -0,9299393; -0,07127893
-0,5811856; -0,8423781; -0,1135961; -0,5448081; -0,2146665; 0,916312; -0,6045096; -0,1863004; -0,7608693; 0,9369669; -0,4148494; 0,5372174
-0,3744122; 0,230461; -0,5914762; 0,1490327; 0,6628187; -0,7723284; -0,3811096; -0,5701799; 0,2372926; 0,02140367; 0,8918114; 0,6394792
-0,9210031; -0,7566707; 0,2735614; 0,8774545; -0,6864011; 0,9879675; -0,9409719; 0,5453739; 0,07737529; 0,6126714; -0,8013985; 0,314857
-0,5204096; 0,223585; 0,5980244; 0,1317366; 0,2989685; 0,7107167; 0,8962295; -0,02535927; 0,272201; -0,8351886; -0,5718322; 0,3078894
#
0,9241045; -0,03300488; -0,8451495; 0,4068064; 0,107087; -0,09436977; -0,6753724
0,3459384; -0,2188057; 0,7714756; -0,9584394; 0,4844553; 0,1342291; 0,1726414
0,2350975; -0,448404; -0,8511887; 0,7165425; 0,3588152; 0,7299926; -0,3421291
-0,7997048; -0,8311634; 0,7629864; -0,9634149; -0,3109273; -0,2744292; -0,9334788
0,4055185; -0,9589305; -0,9839225; 0,8261487; 0,910639; 0,686631; -0,8185413
-0,8496051; 0,08551681; -0,2358457; -0,5824227; 0,02351391; 0,767961; 0,9996579
#
-0,1927634; 0,655057; -0,9494395; 0,7784872; -0,335121; 0,08423364; -0,004664302
-0,8707454; 0,5944631; -0,1461495; 0,6965549; 0,4493773; -0,2569309; 0,1681772
