11;8;8;8;2
-1;1
#
0,310446; -0,95667; -0,9147699; -0,1456865; 0,8296523; 0,7840869; 0,5423868; -0,6991115; 0,982213; -0,05124295; -0,5471117; 0,2605993
-0,3757089; 0,5909078; 0,3616025; -0,634707; -0,1077257; 0,2701976; 0,9202075; 0,1670884; 0,2872762; 0,6465127; -0,8567626; 0,2858281
-0,1379515; -0,5922294; -0,007564187; -0,846473; 0,3427915; -0,6887884; 0,02280343; -0,7464612; 0,2546229; -0,3626217; -0,4886423; 0,3047135
0,6044655; 0,3894694; 0,2198476; 0,2052826; -0,6578143; 0,3385715; -0,1613139; -0,850858; 0,02670968; 0,2607746; -0,2250062; 0,2901437
-0,3876261; 0,9837911; -0,04836833; 0,8372154; 0,8752913; 0,3410926; -0,5329573; 0,4182284; 0,4723067; 0,939934; -0,5501091; -0,6659539
-0,6577184; -0,5306351; 0,1346415; 0,9362726; 0,8697371; -0,8599708; -0,1180626; -0,02923357; 0,5172534; 0,8390326; 0,9788048; 0,6078198
0,5581515; -0,08125198; -0,02669227; 0,4900281; 0,2855174; 0,3186531; -0,5205679; -0,004500747; -0,6120842; 0,432326; 0,9347491; -0,4549862
-0,6906614; -0,7782097; -0,1181179; 0,2692666; 0,3770172; 0,2985806; -0,7680881; 0,6981759; 0,5188596; 0,5339031; 0,3109262; -0,1321744
#
-0,007389188; 0,4958143; 0,6330128; -0,9084542; -0,8402011; 0,2711515; -0,7480674; -0,5851939; 0,6448815
0,005348086; -0,1110026; 0,2885816; -0,2259687; -0,7686245; -0,7647769; 0,1812261; 0,3930838; 0,8486238
0,4380877; 0,5957205; -0,01864541; 0,403583; -0,002653003; 0,09119809; -0,6592269; -0,4434284; -0,2168919
-0,9656434; -0,2368382; 0,07627618; -0,4658324; 0,3382175; 0,8094571; -0,7288511; 0,8720815; 0,69998
-0,708353; -0,6850019; -0,2507693; 0,2795801; 0,7463448; -0,158512; -0,5760958; 0,8241169; -0,261645
-0,9932029; -0,2160767; 0,7993755; 0,4045798; -0,5686369; 0,9556866; -0,8040867; 0,7351935; -0,5629165
-0,4646112; -0,448197; 0,6109037; 0,5977929; 0,238717; -0,1273555; -0,4347717; -0,1422619; 0,8875055
-0,4024214; 0,6059759; -0,8163342; -0,2651597; -0,7089708; 0,4802196; -0,28013; 0,2887144; -0,2963506
#
0,131261; 0,6186891; 0,8779325; -0,5956945; -0,4646982; -0,3417147; -0,5670946; 0,2012275; -0,3736249
-0,1596154; 0,804827; -0,1578177; 0,3487608; -0,851505; -0,7705085; 0,2782359; -0,2958196; 0,1735615
-0,7853954; -0,05906475; 0,3024416; 0,3400223; -0,3414572; 0,4716537; 0,7096632; -0,2177099; 0,06615031
-0,05950248; 0,7501969; 0,334712; -0,731807; 0,5207777; 0,3196799; -0,143263; 0,5568142; 0,7966032
-0,2825915; 0,5947106; 0,8741786; 0,5762815; 0,9184475; -0,8961077; 0,656148; -0,3336192; 0,3371396
0,4683091; -0,7563097; 0,7639351; -0,9894457; 0,4992652; -0,8312631; 0,109681; -0,9182978; 0,4707732
-0,560508; -0,268293; -0,6512268; 0,673589; 0,57377; -0,1767856; 0,02426469; 0,933131; -0,9982169
0,2215263; -0,0315603; -0,0674876; 0,678786; -0,9982107; 0,5673883; -0,2502795; 0,7522247; -0,213833
#
0,2935965; 0,9621081; -0,1415282; -0,4388834; -0,9930944; 0,6088958; -0,6215277; -0,06943786; 0,1212047
-0,4502269; -0,8597593; 0,5323164; -0,5071881; -0,6293366; -0,3640567; 0,2346116; 0,3607349; 0,007173896
