11;6;6;2
-1;1
#
0,1348222; -0,02499568; 0,5282693; 0,7556963; 0,9588776; 0,7105699; 0,03771913; -0,1221226; 0,9775958; -0,8340003; -0,5299628; 0,8260977
0,3954632; -0,8082576; -0,4101299; 0,08212554; -0,06174862; 0,202345; 0,6546233; 0,08917248; 0,7267621; -0,5942638; 0,3061173; -0,2446049
0,5953338; 0,8897142; 0,7731822; 0,8042998; -0,07333195; 0,5984263; 0,1419939; -0,6489661; -0,619365; -0,5243726; -0,5791643; 0,2817931
0,9403954; -0,8960397; 0,2638669; 0,4588761; 0,6107059; 0,3092081; -0,5631621; 0,05974114; -0,7203553; -0,3791283; 0,5120673; 0,8395007
-0,945616; -0,8127518; 0,09152186; -0,8159459; 0,06756437; -0,7898986; 0,9508741; -0,04767549; 0,7600408; -0,4347383; -0,3491455; 0,4676656
-0,32731; -0,3274721; -0,1489929; 0,741904; 0,2333277; -0,545902; 0,2866759; -0,6826494; -0,1997687; 0,9428394; 0,7599926; 0,08356488
#
-0,007187724; 0,2546506; 0,6744044; 0,06965339; -0,4699606; 0,2034866; -0,04615891
0,3920226; -0,1333734; 0,02198207; 0,5908625; 0,6027224; 0,36048; 0,06022274
0,3496132; -0,3353611; 0,2983465; 0,1459724; 0,1725744; -0,5632641; 0,1835262
-0,4465977; 0,6296818; -0,9066739; -0,6664917; -0,6518009; 0,7286093; 0,3576407
0,4833593; -0,05777299; 0,4899778; -0,4394585; -0,2832206; 0,856658; 0,5433567
0,8921165; -0,1761402; -0,7449687; -0,06231534; 0,5586953; -0,7121606; 0,6682146
#
-0,3157402; -0,0756427; -0,7477899; -0,9679792; 0,1865076; 0,897135; -0,08024538
0,5968609; -0,7338777; -0,4356724; -0,9609306; 0,4056263; 0,4222541; 0,8023677
