11;8;8;8;2
-1;1
#
0,7273569; 0,2473079; -0,870744; 0,1940993; -0,6965964; 0,1996893; -0,3290907; -0,7685919; 0,5605221; 0,144693; 0,1783212; -0,02351558
0,509516; 0,7920361; -0,9495311; -0,6505463; 0,01855981; -0,9709499; -0,6137938; 0,4543554; 0,8721719; 0,7879198; -0,8171; -0,01383007
-0,243719; -0,3180002; -0,6683602; -0,05927885; 0,1337186; 0,5416341; 0,7799239; -0,6729932; -0,943608; 0,6021485; 0,05280817; 0,6736436
0,8222766; 0,5586121; -0,03321946; -0,1312851; 0,9176414; -0,4158882; -0,01201022; 0,2251183; -0,01603305; -0,6786261; 0,5864668; 0,9113081
0,0988425; 0,4604582; 0,5945632; 0,9505172; 0,9958291; 0,5071194; -0,2515639; -0,5816207; -0,5311956; -0,9920158; 0,8818936; 0,8963256
0,2249321; 0,3968291; -0,9234238; -0,7020323; 0,5903566; -0,07988226; 0,7287378; -0,2960798; 0,7550726; 0,9172738; 0,6156228; -0,7811611
0,4355707; 0,1083697; 0,2598273; 0,767148; -0,5042837; -0,1120631; -0,8086839; 0,9932642; -0,3612834; -0,2628766; -0,05769789; 0,9637318
0,4720757; -0,8528132; -0,4993936; 0,7362249; 0,1913792; 0,9532952; 0,4621277; -0,3218681; -0,3894728; -0,5430145; 0,0168649; -0,6181102
#
-0,2217091; 0,2359186; 0,2247926; -0,0304383; 0,1271418; -0,5954375; 0,7930293; 0,8661933; 0,9487536
0,1045014; 0,3590653; 0,08961189; 0,6037228; 0,6953034; 0,1165823; 0,1700395; -0,5850935; -0,02735174
-0,7964046; 0,1456851; -0,7176476; 0,719846; -0,01430786; -0,4419953; -0,6527233; -0,547823; -0,7849853
-0,09904563; 0,4927363; 0,05762327; 0,2582173; -0,2787453; -0,1363167; -0,6331315; -0,9993486; 0,73491
-0,258207; 0,2498988; 0,7945518; 0,04524744; 0,8848693; -0,09620392; 0,9029174; 0,8184295; 0,7365913
0,7675862; -0,3830117; -0,1516525; -0,4479824; 0,5406103; 0,1223336; -0,353264; 0,4095766; -0,002054572
0,4125449; -0,423165; 0,3313543; 0,5792651; 0,3523035; 0,8737874; 0,1230518; -0,8452044; 0,2010912
0,7523859; 0,4872122; -0,2266876; 0,8421082; -0,7859609; -0,978147; -0,3159572; 0,4328456; -0,5066428
#
-0,1319231; -0,5296957; 0,2193731; -0,4958681; 0,2821879; 0,0388695; -0,7686353; 0,9095063; -0,1187526
-0,2480694; 0,2714121; 0,8430352; 0,8023086; 0,461642; -0,8521252; 0,9389105; 0,4415912; 0,3049533
-0,1551872; -0,4825906; -0,2617408; 0,5643387; -0,6576071; 0,9183619; -0,1769112; 0,4972279; -0,1131312
-0,6899331; 0,01972377; -0,4383358; -0,4102243; 0,5031745; -0,1554133; -0,1608104; 0,1692137; -0,5600212
0,7234216; 0,8628576; 0,2287251; 0,6132083; -0,3957797; -0,5029604; 0,2634103; 0,5955241; 0,9385767
-0,1594726; 0,8702164; -0,3794223; -0,1131929; 0,3982856; 0,8025763; 0,6192031; 0,224296; 0,5171273
0,5559127; -0,01610053; 0,02921546; 0,5471044; -0,3464249; -0,8909543; 0,9499152; 0,4716632; 0,3522222
-0,2820104; -0,05055726; 0,5169637; 0,4136967; -0,4612721; 0,8415012; 0,4671607; 0,2658755; -0,3729492
#
0,01409519; 0,2701094; -0,4628307; 0,03330052; 0,8103311; 0,02074397; 0,3647315; 0,6947954; 0,000615716
-0,5019255; 0,8413634; -0,8382957; 0,6631107; 0,9005036; -0,6484594; 0,3833995; 0,2225796; 0,3619311
