6;8;8;8;8;2
-1;1
#
-0,1672139; 0,4613268; 0,2563157; -0,1622263; -1,063818; -0,002645873; 0,5954955
-0,9971854; 0,4371137; 0,9345317; -0,2897356; 0,3005553; 0,9296; 0,6696234
-0,1850308; 0,467135; 0,294094; 0,2044805; 0,9236576; 0,5131278; -1,217173
0,9469092; 1,133821; -0,7010626; 0,2237412; -0,0804114; -0,6660765; 0,1505883
0,4883018; -0,4332583; -0,7375884; -0,4130688; 0,9897421; -0,7229262; -0,2537828
0,498674; -0,828189; -0,4994888; -0,2853841; 0,7405643; 1,275935; 0,8697087
0,1207955; 0,6011389; -1,307461; -0,6475652; -0,6075944; -0,6047997; 0,441741
1,050661; -0,89775; 0,6889768; -0,1944152; -0,4758385; 0,007489868; 0,5806474
#
-0,1101067; 1,009065; 0,8283585; -1,210658; 0,9972861; -0,09543239; 0,03251695; 0,03933915; -1,631751
-1,482053; -0,5648771; -0,964372; -0,800797; -0,525877; 0,3729317; 0,1702598; 1,354341; 0,3206044
-0,4080932; 0,5050674; 1,168725; -0,3896624; -0,5110307; -0,3368397; -0,1563137; -0,3615238; 0,3440263
-0,3131391; -0,7694789; -0,271067; 0,3789737; -0,4066161; 1,34049; -0,7420275; 0,5204681; 0,8411164
0,9239903; -0,5437571; -0,2039235; -0,1318624; -0,1282652; -0,2984151; -0,4974407; 1,158747; 1,049781
-0,1024387; -0,4226954; -1,168612; 0,04686923; 0,1992534; -0,3013752; 1,316036; 0,9856523; -0,4079595
0,6104662; 0,4243556; -0,4587605; 1,061284; -0,5886909; 0,8353554; 0,8122476; 0,7510414; -0,09683004
-0,3010342; 0,4667583; -1,455599; -0,3348325; 0,01394428; 0,1911606; -0,3931882; 0,5837222; -0,6490158
#
-0,6132246; -0,145946; 0,2129334; 0,349899; -0,3544619; -0,2220856; 0,09895529; -0,6412528; -0,274222
-0,7592853; 0,7555199; -0,1635849; -0,300135; 0,7885291; -0,8221937; -1,13674; -0,2562171; -0,8482313
0,5500875; -0,205258; 1,430349; 0,690082; -0,1139474; 0,8522704; 0,118729; 0,3900612; -0,8456494
-0,528468; 0,09428966; -0,8523605; -0,984155; -0,1423434; 0,8676258; -0,9909487; 0,9907238; 1,019747
-0,3147532; -0,410525; -0,4545556; -0,7547085; -0,7208916; 0,3863157; -0,1405764; -0,4819769; 0,9604613
-0,5805717; 0,670283; 0,8023361; 0,9807667; -0,9151202; 0,8484645; -1,10799; -0,8656542; 0,7465789
-0,6841085; 0,02004632; -0,1041249; -0,2987154; 0,6340528; -0,6884322; 0,1730492; -1,107313; 0,8539748
-0,3250374; -0,1576985; 0,06644104; -0,2876444; -0,5639944; -0,06651166; -0,6591198; -0,3236318; 0,1577149
#
-0,01045064; -0,2025807; 0,9159431; -0,983789; -1,413973; 1,478514; 0,7533851; 0,109968; 0,8174632
2,100433; 0,01415512; -0,6769491; 0,9327186; -0,7275644; -0,9969891; -0,2330898; 0,06051593; 1,222479
-1,141448; 0,7924782; -0,0634888; -0,0156775; -0,6380136; -0,2441045; 0,2840112; 0,6594748; 0,1740039
0,8830847; 0,01958864; -0,7164616; -0,4495086; -0,2058237; 0,5615504; -0,6961902; 0,8579485; 0,1958104
0,01572711; -0,5566576; 1,583676; -1,269379; -0,2356297; 0,5484104; 0,617973; -1,234673; -0,02147079
-1,137342; -0,4553201; 0,4241704; -0,223537; 0,300057; 0,07636283; -0,1371888; 1,451573; -0,8922631
-0,5431985; 1,534037; 0,3299456; -0,9743457; 0,2251616; -0,5518277; 0,4288664; -0,8225185; -0,3765125
-1,668799; 0,362247; 1,184668; -0,9995917; -0,9255978; -0,06390354; 0,7052726; -0,2214583; 0,5948681
#
0,8501304; -1,042727; -0,434804; 1,019412; 0,6847994; 0,2966469; -1,14864; -0,2685514; 0,3865452
-0,3888887; -0,4403073; 0,8136836; 0,1709398; -0,5022675; 1,292714; -1,41294; -0,1955349; -0,3996258
