6;8;8;8;8;2
-1;1
#
-0,1541148; 0,4352458; -0,1881984; 0,1666662; -1,074976; 0,1285856; 0,559222
-0,5573927; 0,8603635; 1,035093; -0,6243572; 0,3326663; 0,8259873; 0,7426994
-0,1267003; 0,7445729; 0,9869334; -0,2505376; 0,7890627; 0,2795275; -0,5699998
0,6570512; 0,6037283; -0,8627398; 0,6352248; -0,1076552; -0,5527298; -0,5217919
0,385233; -0,2888148; -0,4956683; -0,172349; 0,8115548; -0,814458; 0,06131519
-0,08681442; -0,8879578; 0,3190126; -0,05824941; 0,7864432; 0,9359878; 0,7172098
0,2332584; 0,7348229; -0,8779433; -0,6738207; -0,8806886; -1,12052; 0,1705281
1,060691; -0,5826457; 0,2296967; -0,1905692; -0,4396055; 0,1926064; 0,6582156
#
-0,1510291; 0,9553813; -0,1430955; -0,7747493; 1,025863; -0,1686483; -0,3698037; 0,487329; -1,040362
-0,828436; -0,8247208; -0,0479712; -0,3441766; -0,5418952; -0,6263502; -0,139868; 0,4981721; -0,2656828
-0,6763792; 0,8514071; 0,935423; -0,2898579; -0,643743; -0,3688849; -0,6579743; -0,09859781; -0,1043267
-0,4821967; -1,122595; -0,3857687; -0,2760836; -0,7425815; 0,7744228; -0,9628341; 0,1321542; 0,7318106
0,7888352; 0,3630089; -0,1657659; 0,09528113; 0,07644799; -0,2696443; -0,4973388; 0,854918; 0,7840675
-0,7174391; -0,208821; -1,079554; -0,3198261; 0,6272951; -0,4119982; 0,5947177; 0,6444103; -0,7464433
0,2095424; 0,007144988; -0,6035174; 0,5732095; -0,6209856; 0,708086; 0,05392522; 0,3038639; 0,1582518
-0,7504326; 1,207934; -0,9921555; -0,2805008; 0,2429702; 0,1341092; -0,1152315; 0,5110378; -0,3299898
#
-0,5094603; -0,1799134; -0,6709383; 0,9151666; -0,5158509; -0,5921524; -0,4495119; -0,4050957; -0,2381027
-0,4761735; 0,1905844; -0,5347186; -0,5663345; 0,7418625; -0,4360509; -0,8948493; -0,2004269; -0,7386009
0,1754975; 0,3556725; 0,9897413; 0,7886263; -0,6514714; 0,764954; 0,4394881; 0,1909125; -0,5023794
-0,3998406; -0,3309985; -0,6462743; -0,9554279; -0,7277355; 0,5482537; -1,025509; 0,8145415; 0,3361128
-0,7263213; -0,1162411; -0,3980184; -0,1673837; -0,6193951; 0,5521001; -0,8444241; -0,8603324; 0,1896699
-0,5569077; 0,3104093; 0,37974; 1,007747; -0,4264085; 0,3907119; -0,9402385; -0,3840246; 0,01029992
-0,7440602; 0,4698753; -0,1568797; 0,06992855; 0,2368494; -0,5455747; 0,4216396; -1,083716; 0,8271762
-0,3864124; 0,8155708; 0,06745622; -0,06348471; -0,5320712; -0,3333858; -0,7364058; 0,01191491; -0,2995962
#
-0,2266711; -0,1179241; 0,5233414; -0,01250941; -1,075155; 0,863098; 0,7177975; 0,4913146; 0,8616694
0,9931464; -0,04194614; -0,3657682; 0,5039838; -0,7375845; -0,3017575; 0,09932964; -0,09945264; 1,011043
-1,153403; 0,7053251; -0,1741336; 0,2122507; -0,1849101; 0,1740605; -0,5042069; 1,080261; 0,09308439
0,8188618; 0,1263993; -0,5042723; -0,3137766; 0,6031522; 0,8850195; -0,2778918; 0,5658381; 0,1714759
0,4469869; -0,4848188; 0,9080811; -0,8892281; 0,1556166; 0,5637215; -0,2266447; -0,8237952; 0,2531356
-0,8780739; -0,790053; -0,04799321; -0,5194684; 0,1248299; 0,3658772; -0,4483324; 0,5646396; -0,894245
0,01760615; 1,014003; 0,5658855; -0,5409365; -0,3301497; -0,4057562; 1,042896; -0,1613245; -0,2427776
-1,075263; -0,02563347; 1,069224; -0,5557527; -0,6555665; 0,07688012; 0,2081826; -0,8061594; 0,7068258
#
0,5526309; -0,6053624; 0,1846929; 0,8347578; 0,4907339; 0,5869318; -0,3693654; 0,432867; 0,1776198
-0,01926307; 0,2566951; 0,6305882; 0,7104344; -0,2221346; 0,8450712; -0,9110372; 0,1812679; 0,5805085
