6;8;8;8;8;2
-1;1
#
0,2343558; -0,8585739; -0,7251109; 0,4723125; -0,1652707; -0,799427; 0,9061822
0,9344041; -0,1342452; 0,838578; 0,7817985; -0,4047856; -0,48697; -0,3112511
-1; 0,5401397; -0,616786; 1,059625; 0,4121093; -0,7748808; -0,189501
0,4195513; -0,002358768; 0,2083166; 0,3333982; -0,3966241; -1,286659; 0,4595018
0,293672; -0,133222; 0,1358531; -0,925712; -0,3214098; 0,001734942; 0,3300554
-0,3191509; 0,4620681; -0,6784724; -0,2125872; 0,119891; -0,7655127; 0,1576815
-1,059057; -0,01205777; 1,327393; -0,1699756; 0,0403242; -0,5745711; 0,3155348
1,324226; -0,4786955; -1; -0,3128889; 1; -0,4011432; -0,1560669
#
0,4318695; -0,2152754; 0,09544873; -0,9921303; 0,03632629; 0,6654387; 1,06373; 0,4146058; 1,080339
0,986232; 0,8573526; 0,5672675; -0,3013399; 0,3862517; 0,7294602; 0,2239838; -0,2129677; 0,7876607
0,5756386; 0,2510165; 1; -0,03456412; 0,1348254; -0,5956402; 0,7795165; -0,05920646; -0,8882185
-0,3853163; -0,4375044; -0,1927476; -0,6943723; 0,6299766; -0,9661944; 0,3062721; 0,8986116; 0,9774633
-1,113295; -0,08935036; 0,5000505; 0,4314214; -0,1282853; 0,9635303; 0,5472286; 0,9992688; 0,01649275
0,5000687; -0,3446615; -0,6813315; 0,5652623; 0,8185649; -0,1499159; -1,229451; 0,3306569; 0,6220309
-0,1820941; -0,3701237; -0,2501254; -0,6175154; -0,005519196; -0,4818249; 1; 0,2371758; 0,576773
1; -0,4136049; -0,6050648; 0,8925593; -0,5669002; -0,4765761; 0,01206578; 1; 0,1441677
#
1,249525; 0,8085992; 0,3097979; 0,3038591; -0,147656; -0,8613568; 0,5667351; 0,8098234; -0,8125356
-0,7292036; -0,4730653; 0,5958098; -0,4788388; -0,6805461; 0,1576403; 0,7663672; 1,126472; -0,6872106
0,4270738; 0,9511388; -1; 0,2489215; 0,7744367; -0,2342568; 0,8320483; -0,04351243; -0,7363766
0,1331735; 0,1203136; 0,2600535; 0,8630611; 0,8349918; -0,6507769; 0,2144454; 0,3158234; 1,152968
0,2323058; 0,2917956; -0,665977; 0,6953719; 0,3597632; 0,2009205; -0,7232159; 0,1260899; -0,06346803
0,5863264; 0,1874895; -0,006648183; 1; 0,5555668; -0,4892383; 0,0007332414; -0,3897244; -0,3202393
-1,024117; -0,4515382; 0,05410896; -1,180346; -0,9966111; -0,4283605; 0,7658987; 0,3820709; -0,5723501
-0,7029038; 0,1040681; 0,0196463; 0,635271; -0,3045565; 0,8126968; 0,6491994; -1; -0,9506153
#
0,4261973; -0,6060362; 0,06073868; -0,2096428; -0,5534068; 0,07123171; -0,6857615; -0,4370669; 0,4839382
0,5725842; 0,1188211; 0,4614587; -0,8729851; 0,658947; -1; -0,6250206; -0,6446604; -0,6602505
-0,910569; -0,3761178; 0,8723623; -0,07495794; 0,006019697; 0,8419919; -0,3739155; 0,7175357; -0,1367587
-0,0268958; -1; -0,5006146; -0,6363711; 0,547773; 0,867993; -0,7604985; -1,008358; -0,5870916
0,215614; 0,1960579; 0,6713676; 0,8532379; 0,6650652; 0,04025841; -1; 0,1892035; -0,5901344
-0,8191744; 0,2291416; -0,6742833; -0,4219033; -0,8225121; 0,5161173; -0,04305727; -0,5065405; -0,2208036
0,4221111; -0,388301; 0,6112778; -0,7593673; -0,454621; 1,04504; -1,205136; -0,7186812; 1,098044
-0,8669693; 0,7493569; -1,027209; 0,5695311; -0,1213135; -0,4161832; -0,8336116; -0,9246178; 0,3043829
#
0,008610472; -0,457916; -0,4247788; 1; 0,4748265; 0,5550864; 1,021238; 0,522277; 0,4990134
-0,6962537; 1,162071; -0,9168723; 0,4953226; -1,072135; 0,9861997; 0,6141348; -0,9395572; 0,266115
