6;8;8;8;8;2
-1;1
#
-0,5408972; 0,9215612; 0,7723042; 0,9753582; 0,9414821; 0,568733; -0,3994749
-0,5778431; 0,1541549; -1,022136; 1,012499; 0,1665835; -0,2541785; 0,001282037
-0,7136903; -0,3447763; -0,514573; -0,5600259; 0,268333; 0,8333936; -0,4899162
0,3368699; -0,386609; 0,5114661; -0,1327212; 0,9400072; -0,4917058; -1,120552
-0,4939383; -0,6696666; -0,298715; -0,7549448; -0,5869255; 0,8589437; 0,4582903
-0,2648307; 0,06778; -0,07767419; 0,6292048; -0,8831554; 0,9555706; 0,7400468
0,745897; -0,7064794; -0,5418433; 0,1337946; -0,1139702; -0,2187802; -0,1151268
-1,182415; 0,9085258; -0,9147215; 0,5992534; 0,7715606; -0,119023; 0,6403978
#
1,177116; -0,3619695; 0,1173005; 0,1540403; -0,7522934; -0,7397391; -0,3852319; 0,003434159; -0,6506454
0,6321416; -0,0670076; 0,3212628; 0,7375128; -0,6498279; 0,6998766; 0,2566237; -0,6609378; -0,7632709
0,5767544; 0,6035935; 0,7820928; -0,9030509; -0,9414891; -0,6623139; 0,8622998; -1,081827; -0,7594931
0,2379135; -0,764074; -0,5511709; 0,103724; 0,913895; -0,402656; 0,05766; -0,7019226; 0,2214162
-0,3592177; 0,02029524; -1,228888; -0,1129831; 0,492568; 0,08634651; 1,080024; 0,3593824; 0,4926292
-0,624629; -0,718608; 0,2259037; 0,6598567; 0,6537867; 1,054494; 0,2878335; -0,2286207; 0,9457817
0,1388496; 0,6603799; 1,065093; -0,5348313; 0,6077822; -0,5920603; 1,133452; 0,4779081; -0,7081284
-0,5077281; 0,3738322; -0,3550283; 0,6276532; -0,2633878; 0,004908205; 0,9193262; 0,9273096; -1,002838
#
0,4764656; -0,2723907; -0,5144663; 0,6970096; 0,4513015; 0,7497574; -0,2956846; 0,7297239; 0,1124879
0,9250264; 0,3229128; 0,3019822; -0,3668736; -0,1247926; 0,9106987; -0,0970165; -0,02218822; 0,8572231
-0,09014595; 0,1553439; -0,2223927; 0,4701525; 0,6610813; 0,7436141; 0,03881622; 1,01809; 0,562126
0,7295933; -0,4608756; -0,1086327; 0,3912696; 1,174876; 0,6399603; 0,5628999; -0,2979018; -0,8695564
1,267203; -0,1118025; -0,308326; -0,1461825; -0,4179066; -0,2427047; -0,6768552; -1,057429; 0,1993908
-0,1663386; -0,7886373; -0,7016388; 0,7200788; 0,6809239; 0,8663237; 0,5321214; 0,80722; -0,1512808
0,02802926; 0,3789779; -0,9778985; 0,171205; -0,04182714; 0,6537494; -0,9025257; 0,5719908; 0,5097516
-0,9167123; -0,4933783; 0,3727305; 0,4604197; 0,8550422; 0,8002497; -0,4731976; 0,4517237; 0,4270831
#
-0,7672516; -0,644604; 0,4368932; -0,2706117; 0,8615265; -0,318664; -0,21422; 0,9421988; 0,2941424
0,522844; -0,7062219; 0,5564156; 0,7700018; -0,9292911; 0,9499024; -0,1380052; -0,5332173; 0,01224339
0,9175182; 1,054342; 0,4895476; -0,08806416; 0,7095334; -0,4126016; -0,2477231; 0,1090412; 0,9183141
-0,9047797; -1,020491; -0,9330381; -0,7981765; 0,2745219; 0,6500351; 0,8091122; -0,08551992; 0,448085
-0,8300998; -0,574489; -0,3815427; 0,05755524; -0,9028841; 0,612349; 0,2734004; 0,8613143; -0,0160172
0,4504618; -0,7943169; 0,9064444; 0,3083648; 0,009553935; -0,7571908; -0,06195422; -0,8411355; -0,02865938
-0,02267849; 0,4154332; 0,4770212; 0,5053852; -0,4291888; 0,3190825; 0,8127035; 0,7126861; 0,5268438
-0,3107992; 0,5495851; -1,096922; -0,8323116; 0,7758089; 1,003392; -0,1616954; -0,4919993; -0,7889689
#
0,187494; 0,9637383; 0,9313769; -0,14649; -0,9421089; -0,593196; -0,8820135; 0,6946338; 0,9463534
0,1614416; 0,2162385; -0,4263647; 0,1926138; -1,222189; 0,4426557; -0,3846075; -0,6918941; -0,9448948
