6;9;9;2
-1;1
#
-1; -0,590296; 0,6809647; -0,1736509; 1; -0,666155; 0,5891026
-0,8299942; 0,6994187; 1,134488; 0,4747085; -0,4147884; 0,5688213; -0,9319588
1; -0,2999288; 0,04655567; 0,63626; 0,3866283; -0,5353827; 0,631223
-1,377373; -0,6626716; 1,272733; 0,5674588; 0,3622462; -0,9097862; 0,8458214
0,5005466; 0,3951373; -1; -0,4862913; -0,2051886; 0,1470467; -1
-1; -1,247549; -0,1733925; 1; -1,280125; -0,4237607; 0,6015488
-0,3459564; 0,6782627; -0,7626281; -0,1172228; -1; 0,7724591; 1,104929
-0,2165283; 0,4248666; -0,193624; 0,8366858; 0,3096349; -0,3154252; 0,9035726
1,396377; -1; -0,1787258; 1; 0,4751781; -1; -0,7119505
#
1,335389; -0,830074; -0,07381767; -1,320992; 0,1491193; -0,9274362; 0,4588697; 0,01495533; -0,3694524; -0,09722482
-0,8333874; -0,7016917; -1,075668; 0,8876531; -0,679554; 0,1097218; -0,1723056; 0,1573464; 0,7285078; 1
0,9070484; 0,9121788; 0,07905911; -1; 0,7315822; -1; 0,3152319; -0,5466764; -0,9977173; -0,7805536
-0,05440562; 0,7966744; 0,2633592; -0,9402985; 0,7095287; -0,3803902; -0,7636354; 0,8067383; -0,7005711; -0,3418679
-1,040844; -1,014808; -1,248528; 1,312334; -0,8896873; -1; 0,5377784; 1; 1; -0,1575589
1; -0,3470647; 0,6335057; -1,084894; -0,8521641; 0,7453921; -0,4414338; 0,2938352; -0,8001738; -0,5980568
1; 0,3046229; 0,5082989; 0,4368942; 1,101762; -0,352879; -0,2007154; -0,3900468; -0,1947213; 0,00689441
-0,2611443; 0,3831028; 0,973166; -0,04228041; -1,180948; 0,69815; -0,5158433; 0,4245939; -0,5985039; -0,4694299
0,7216815; 0,4046264; -0,2946462; 0,5966938; 0,462779; 0,4836569; 0,4254051; -0,5815514; 0,5230938; 1
#
-0,9137126; 0,0380092; -0,9818251; 1; 0,7018236; 1; 0,7930828; -1,235705; -0,1108076; -0,5288459
-0,3204096; 0,5515584; -0,925431; -0,9184698; 0,9935973; 0,1103581; 0,6699519; 0,992208; -1,2116; -1
