6;8;8;8;8;2
-1;1
#
-1,047461; -0,57153; 1,538656; 0,3129106; -0,6720237; -1,227067; 0,9866543
-0,2100329; -0,4967222; -0,3845866; -0,2517296; -0,5621222; 1,193341; -0,2896735
0,2268241; -0,5722837; 0,5535275; -0,1617409; 0,9476854; -0,3679111; 0,6306373
-0,1702666; 0,07039265; -1,030858; 0,2694344; 1,60531; -0,8731127; 0,9119869
1,664356; 0,6630963; 0,7577074; -0,1748288; -1,781669; -0,2657724; 1,45629
0,4483635; 0,8326041; 0,3732797; -0,2720153; 1,292126; 0,2823178; -0,6546651
0,6908503; 1,293466; -0,5025235; -0,2493698; 0,1742808; 0,1263305; -0,4814437
0,900176; 0,5526546; 0,04713075; -0,2912033; 0,3295952; -0,4205533; 0,3353305
#
-0,09794739; -0,1214205; -1,206832; 0,2930434; 0,5420933; -0,6939786; -0,02804308; -0,1705433; 0,1744694
-0,8771758; -0,4273773; -0,4474212; -0,6909811; 0,559753; -0,09998207; 0,5668604; 0,3371786; 0,04646585
-2,093598; 0,7816404; 0,1317567; 0,2213165; -0,1622468; 0,9252982; 0,786208; -0,1310991; -0,2547177
-0,2672836; -0,6876196; 0,09567057; -0,8326007; 1,418816; 1,054788; 0,02045378; 0,9507864; -0,2657346
0,9468531; -0,1069767; 0,2313949; 0,3709722; -1,120414; 0,9000768; -0,6207616; 1,221864; -0,7422426
-0,2645691; 0,5914479; -1,191966; -0,5844921; -0,5817188; -0,3573212; 0,6544971; 0,75721; -0,2156495
0,3440067; 1,050961; 1,179512; 0,169522; -0,2869972; -1,632069; -0,2625416; 0,5251638; 1,093248
0,1744194; 0,3604251; 0,9357669; -0,7865288; -0,4488656; -0,05747767; -0,5245811; 0,7789364; 0,4225234
#
-0,4328298; 0,2913181; 0,810688; 0,5843434; 0,4187265; -0,5645979; 0,3549779; -0,8725951; 0,608625
0,5324861; -1,493091; -0,05710579; -0,3530004; -0,2316932; -0,3835468; 1,270368; 0,5539013; 1,247146
0,4412033; -0,1164106; -0,475095; -1,224327; 0,4066659; 0,8706535; -0,7960768; 1,25771; -0,5315122
0,7427546; -0,3777608; 1,243542; 0,904365; 0,6306146; -0,3987935; -0,04806994; -0,9677849; 0,5624113
0,9157665; 0,05469488; -0,2031142; 0,2313457; -0,3509299; 0,06796043; 1,047264; 0,7277578; 0,1474627
-0,775313; -0,05963622; -0,3712018; -0,2212656; 0,9382997; 1,116763; 0,2792462; 0,8081455; 0,8160217
-0,5472876; -0,9695088; 0,3274404; 0,542091; -0,5866321; 0,2590334; -0,4507781; 0,3962739; 0,457503
-0,4045821; -0,05353153; 1,479403; -0,6946006; -0,7760256; -0,7139754; -0,08257032; -0,5607044; -0,8501772
#
-0,7605651; 0,8070449; -0,5867856; 0,1897928; -0,9064; -0,751969; 0,06767663; -0,3747181; 1,83052
1,015171; -0,9871926; -0,6326479; 1,483364; -0,1253454; -0,2958947; 0,5293409; -0,8298423; -0,8555195
0,6624889; 0,8838142; -1,345902; -1,035427; 0,485832; 0,8546481; -0,3231055; 0,3787635; -0,5592629
-1,290199; 1,354202; -0,4926583; -0,1528885; -1,062836; -0,7925818; -0,8046974; -0,7031854; 0,3593766
-0,119157; -0,8507546; 0,6501557; -0,4170801; 0,3947192; -1,481262; -0,02983355; -0,6881961; 0,5062994
-0,5064036; 1,020824; -1,615458; 0,838323; 0,5047089; -0,1802835; 0,2913526; 0,2430065; 1,803489
0,6946172; -0,450798; -1,542006; -1,058747; -0,47891; 1,074675; 0,003069215; -1,129586; 0,4993232
-0,05139285; -0,1946416; 0,1321151; 1,509847; 0,6143489; -0,1434226; -0,2836381; 1,057389; -0,2329276
#
0,7117127; -1,036116; 1,595727; 1,407784; -1,169691; 0,2426545; 0,2354816; -0,4504557; 0,6827729
-1,088185; 0,6508467; -0,7293975; 0,9085253; 0,6400361; -0,6610507; 1,023282; 0,3490759; 0,1841652
