6;9;9;2
-1;1
#
-0,9158472; -0,9641229; 1,047586; 0,185755; 0,9141322; -0,3960627; 0,3856344
-0,3772228; 0,8503197; 1; 0,4747085; 0,001476333; 0,597335; -0,7398708
1; -0,2372351; -0,003129125; 1; 0,2257788; -0,5086867; 1
-1; -1; 0,8116221; 0,5674588; 0,6017221; -0,9097862; 0,8097472
0,5182698; -0,01130025; -0,9080793; -0,4862913; -0,3350073; -0,1179644; -0,9790723
-0,975972; -1; -0,1733925; 1; -1; -0,3963493; 0,6015488
-0,3459564; 1; -0,8253332; -0,1172228; -1; 0,8629923; 0,8570135
-0,4494539; 0,3331025; -0,0134432; 0,811802; 0,3096349; -0,3858212; 0,5369856
0,9327523; -1; 0,2949719; 1; 0,892176; -1,185211; -0,7119505
#
1,10702; -0,6717454; -0,005337007; -1; -0,1933796; -0,5177149; 0,558448; -0,2215715; -0,3694524; 0,04173702
-0,8333874; -0,6849534; -0,6711099; 1; -0,9194404; 0,5044597; 0,06012757; 0,5863631; 0,6358885; 1
1; 0,8245037; 0,01078372; -1; 1; -1; 0,2597157; -0,6508929; -1,066647; -0,9985715
0,003787298; 0,9456045; 0,7518879; -0,6730127; 0,6928791; -0,06792045; -0,8685005; 0,8067383; -0,2613245; -0,2976755
-0,9214176; -0,5301292; -1; 0,9714779; -1,076348; -0,9597803; 0,5860358; 1; 1; 0,1320347
1; -0,4312962; 1; -0,6168651; -0,5183372; 0,4880455; 0,009120706; 0,2938352; -0,7895684; -0,5178633
1; 0,0228683; 0,497374; 0,3565674; 0,7549964; -0,1624467; -0,1235726; -0,6110805; -0,5035738; -0,3653275
0,2226031; 0,5902881; 0,973166; -0,154151; -0,9754785; 0,2447094; -0,280279; 0,4245939; -0,536806; -0,6943052
0,6046492; 0,7453105; -0,3692635; 0,5966938; -0,01880544; 0,4022358; 0,4621426; -0,4692274; 1; 1
#
-1; 0,3916624; -0,8884992; 0,8014712; 0,4168012; 1; 1; -0,8526113; -0,1108076; -0,6146526
-0,1161818; 0,6446982; -0,6776218; -1; 0,5804768; 0,07718537; 1; 0,7124462; -0,9757001; -1
