6;8;8;8;8;2
-1;1
#
-0,8785214; 0,5751092; -0,9042466; -0,9581389; -0,8563907; -0,1128513; 0,842911
-0,07864797; 0,8350496; -0,5787206; -0,1411914; -0,375244; 0,8196893; 0,5206969
0,8668628; -0,03321636; 0,4242584; -0,8463643; -0,4223436; -0,2475456; -0,7639933
0,2379333; -0,2623767; -0,3468617; -0,4783858; -0,7548816; -0,05855596; -0,8910316
0,4082346; 0,7910163; 0,1198591; 0,472461; -0,3464633; -0,7335255; 0,6095107
-0,4776107; 0,9506457; 0,6009767; -0,3229581; -0,8366203; -0,0158726; -0,3441693
-0,1326693; 0,8174968; -0,2926582; -0,7535658; -0,8166752; -0,4703497; -0,929563
0,2709839; 0,7875221; -0,8154402; 0,540324; -0,3692449; -0,431012; -0,461955
#
-0,4688736; 0,1983029; -0,4255966; -0,4836804; 0,6663175; 0,900888; 0,01536; 0,2925839; -0,2220379
0,6243339; 0,4263529; -0,9388616; -0,7208354; 0,810015; -0,8206298; -0,2770206; 0,3956818; -0,4140524
0,52865; -0,02602875; -0,5926495; -0,8988481; 0,2533737; 0,8950908; -0,5294666; 0,5709085; -0,4924115
0,8797162; -0,2351967; 0,1139551; -0,8849494; -0,02862847; 0,1821634; 0,5817261; -0,1494795; -0,8103263
-0,2885467; 0,8194458; 0,8693159; -0,4225346; -0,3340145; -0,6720815; 0,7089405; -0,4806973; -0,4156369
-0,2483202; -0,625598; 0,09538376; -0,237188; 0,7585371; 0,8346953; 0,4260947; -0,7753339; 0,5127571
-0,9332199; 0,7811358; -0,04734242; 0,305983; 0,9909408; 0,189191; -0,2931372; 0,586009; -0,8317621
0,9918711; 0,1554567; -0,4950837; -0,08766305; 0,6504023; -0,9200479; 0,3135955; 0,5861223; 0,9339126
#
-0,2267052; -0,03553116; -0,7907987; 0,5360878; -0,9107273; 0,9396384; -0,3090941; 0,5926902; -0,994823
0,8399196; -0,1320635; 0,663378; 0,8990262; 0,971714; 0,5212381; 0,08012807; -0,1921989; -0,3042399
0,09816992; -0,5915728; 0,3857615; -0,06888807; 0,1422702; 0,09082925; 0,6507022; 0,7343074; -0,668673
0,08626139; -0,9102597; -0,4561495; -0,7033951; 0,6625323; -0,8314002; -0,1668288; -0,7037783; 0,8301723
-0,9133401; -0,6013731; 0,1520909; 0,4099652; 0,09952533; 0,3338782; -0,2467595; -0,8708067; -0,5809529
-0,3712455; 0,9491949; 0,4126444; 0,7886729; -0,8192935; 0,476103; -0,3358556; -0,9419649; 0,6348946
0,6563165; -0,5929408; -0,4788929; 0,6639092; -0,2320362; -0,3629915; 0,9126086; -0,3065213; -0,5739839
-0,922173; -0,9172888; 0,9251268; -0,269719; 0,2171658; -0,6047797; 0,7190013; 0,9618511; 0,988879
#
0,7282076; 0,7290747; 0,6961107; -0,05101144; -0,1238948; 0,7079303; -0,9568162; 0,3263912; 0,7422781
-0,05340445; 0,9748118; 0,2636845; -0,5897572; 0,8702571; -0,4696776; 0,3194225; -0,5738729; -0,8542864
0,6249306; 0,9001114; 0,6121609; 0,6344786; 0,3999681; 0,6450865; 0,6692801; -0,2471863; 0,5181873
-0,6778221; -0,6831315; -0,3371445; -0,2162074; -0,6247111; -0,04335797; 0,771157; 0,9570453; -0,05181539
-0,9762268; -0,7817271; 0,1564187; 0,9546006; -0,8955419; 0,3744073; -0,7163856; 0,9438431; 0,3849418
0,8113694; -0,2962867; -0,1279424; 0,4713888; 0,8141546; -0,3690451; 0,2917118; -0,7525973; -0,5901384
0,3901963; 0,2954335; 0,06270111; -0,4448615; 0,627955; 0,9738586; -0,4567846; -0,4950548; 0,3801059
-0,5566382; 0,4913103; -0,1220816; 0,5161126; 0,6390886; 0,8444386; -0,890846; -0,08616775; 0,5789735
#
0,1080214; -0,5456996; 0,7574041; 0,9034989; -0,04416952; 0,2145489; 0,3674628; 0,3711018; -0,718858
0,2430931; -0,8755078; -0,8925629; -0,7477012; 0,5966434; 0,6732497; -0,884762; -0,7163107; 0,3774192
