6;9;9;2
-1;1
#
0,03145302; 0,3202593; -0,3548283; 0,871466; 0,2401865; 0,3264766; 1,78267
-0,7232161; -0,6792005; 1,372751; -0,2896175; -1,235342; 0,8967946; 1,16774
-0,06988169; -0,5263395; -1,39851; -0,5460402; 0,8716378; 0,9665164; 0,003725722
-0,3965087; -0,1824099; 1,092681; 0,6414526; 0,4221407; 0,4826605; 1,019174
-0,4289255; -0,4101746; 2,199457; -0,4144771; 0,1002104; 0,1105125; 0,09793463
-0,230865; -0,2459255; -0,8856751; -1,505374; -0,9640079; 1,001649; 0,7239704
-0,744602; 0,9428753; -0,1152128; 0,847464; 0,170794; -0,3605392; -1,09671
0,2063996; -0,4684631; -0,258163; -0,06814775; -0,5673341; -0,2669722; 0,03654432
0,008033812; 0,7846004; 0,936464; -0,2513639; 1,360689; 0,002905354; 0,8896443
#
-0,008583069; 0,7923219; -0,9818543; -0,6394358; -0,1290361; -0,363206; -0,9283365; -0,3985773; 0,01196155; -0,1714639
0,7049448; 0,1694724; -0,1117925; 0,9122178; -0,2837206; -1,254977; 0,2333228; -1,059431; 0,1820236; -0,006330065
0,2889984; 0,6780665; -0,1853273; -0,3115461; 0,4576285; -0,5256807; -0,6210443; -1,44484; -0,08613194; 1,724114
-0,3003131; 0,2528447; 1,312216; 0,374957; -1,270874; 0,5777157; 1,083596; 0,4235707; 0,6748257; -0,5860555
0,2179722; 0,1018166; -0,8836898; 0,4580821; 0,3106199; 0,9699765; -0,3687169; -0,6133441; 0,2740515; -0,4212384
-0,2418582; -0,03954027; 0,5975707; -0,1166037; -0,8323108; 0,8203734; -0,3638979; 0,7869868; 1,272566; 0,5118656
-0,4652533; 0,07526094; 0,2152092; -0,6678056; 0,5016284; -0,6996102; 1,229891; -0,5070274; -1,480283; 0,2040685
-0,8633211; 0,332857; -1,351867; -0,7270349; -0,8821552; 0,1367936; -0,4389979; 1,176811; 1,16188; 0,1352074
-0,05709228; 1,357645; -0,9065918; 1,379499; 0,7968671; 0,6753109; 0,3363826; -1,276153; -0,7842174; 0,2701392
#
-0,8586; 0,04416577; -1,352922; -0,7403102; 0,943409; 1,395197; -0,9835584; 0,7877263; 0,5416572; 0,3797568
0,5657502; -0,4973081; -0,3262511; -1,878907; 1,327711; -0,02101447; 0,4341672; 0,4909638; -0,3505259; -0,6456687
