6;8;8;8;8;2
-1;1
#
-0,3723179; 0,5677903; -0,5565317; 0,6364984; 1; -0,3256665; -0,7124264
0,5063716; -0,2849661; 0,1553719; -0,690096; 0,1790531; -1; 0,3603165
0,4362919; 0,9332695; -1,095442; 1; -0,01049941; 0,6314546; -0,3961412
0,7765596; 0,527993; -0,4558123; 0,9063332; 0,782901; 0,8674054; -0,04587783
-0,9712425; -0,1243744; 0,5387004; 0,07767784; 0,3639644; 0,02057041; -0,4124225
-0,77796; -0,9472352; 0,07628327; -0,776439; -0,4833644; 0,2642571; 0,4589601
-0,8027414; -0,7915186; -0,07527857; -0,2890564; 0,8188379; -0,2431093; -0,5017582
0,2002017; -1,086205; 0,8974745; 0,02329717; 0,06553346; -0,3837708; -0,4204836
#
-0,9700056; 1; -0,4077716; -0,6223916; -1,051398; 0,03242532; -0,7590564; -0,03213381; 1
-0,4363056; -0,2934808; 0,06839075; 0,2465727; -0,9276391; 0,7275838; 0,003484324; 0,3156511; 0,9217045
0,3360401; 0,241105; 0,1211818; 0,1847475; 0,9020671; -0,116443; -0,8127705; -1,068778; -0,5727593
-0,7709044; -0,6232653; 0,8382174; -0,7685916; 0,2515559; -0,3943467; 0,2209437; 0,8104515; 0,1006762
0,08715147; 0,8898953; 0,979977; 0,7455713; -0,1465197; -0,956967; 0,1997995; -0,3793292; -0,2012479
0,4765929; 0,05890182; -0,7519643; 0,4340472; 0,1549697; -0,783155; 0,6884205; 0,8942932; 1
0,3696031; -0,4210087; -0,7941996; 0,3666131; -0,5279756; -0,2644946; -0,8773443; -0,4085809; -0,4415613
-0,5697823; 0,1433588; 0,852405; -0,4943572; 0,6100024; -0,4627385; 0,8534403; -0,465354; 0,6098745
#
-0,5856996; -0,04489172; 0,5865387; 0,7726389; 0,4934451; -0,8394262; -0,2247961; -0,7811975; 0,3038615
0,1236001; -0,666993; -0,3119145; 0,4353179; 0,4871106; -0,5307236; 0,1630166; 0,4887528; 0,2446558
-0,8242435; -0,7373541; 0,6417764; -0,1725093; 0,642254; -0,2256279; -0,8446246; 0,03808003; -1
0,7017742; -1; -0,5883211; 0,5582309; 0,7313325; 1; -0,5980387; -0,1499988; -0,06423953
-0,5863027; 0,01113007; 0,4063691; 0,7700045; 0,9065444; 0,563127; -0,2101955; -0,2995582; -0,3688798
-0,2748181; -1; 0,9651813; 0,08543498; 1; -0,3756616; 0,6363674; 0,9581504; -1,002383
-0,3807161; 0,1115848; -0,6031578; -0,4695157; -0,6073465; 0,9149088; 0,2676356; -0,8646043; -0,2302293
-0,1351454; -0,1919077; -0,8550192; -0,9440066; -0,04990724; 0,3442143; -0,3085117; -0,1791307; 0,06762341
#
-0,003821258; 0,6111202; -0,8405493; -0,2965855; 0,4753733; 0,7317598; -0,4928437; -0,270988; -0,1915229
0,1614542; 0,3784406; -0,4744929; -0,04265063; -0,3098022; -0,3614795; -0,2534372; 0,8373374; 0,4793227
0,2418022; 0,07096988; 0,4203414; 0,3288231; 0,5837517; -0,2146059; -0,2165194; 0,4232556; -0,5262006
0,4974401; 0,8055722; -0,5765326; -1; -0,375424; 0,9710705; 1; 0,2787935; -0,6309962
-0,3566664; -0,6770412; 0,8937231; 0,5334073; -0,1199746; 0,8794286; 0,0610236; 0,8886489; 1
0,122795; -0,6220665; 0,9087011; 0,5733551; -0,9709074; -0,02196753; 0,6512135; 0,9705768; 0,6961724
-0,665458; 0,8860227; 0,9111784; -0,8680508; 1; -0,2289077; 0,8436202; 0,4007836; 0,3318705
0,03290997; -0,7734228; -0,9774728; -0,5366056; -0,9149808; -1,094965; 0,9060762; 0,9571942; 0,4346632
#
-0,5870333; 0,3513339; -0,2763135; -0,6810237; 0,1333029; 0,3455405; 0,7114829; -0,6658641; 0,3391005
-0,6271342; -1; 0,3930463; -0,9249845; 0,9145932; 0,5075952; 0,801597; 0,9169645; 0,8413274
