6;9;9;2
-1;1
#
0,09186622; -0,9307184; -0,4894583; 1,818892; -0,1549271; -1,165417; -0,6798679
-0,4885324; 0,5977767; -0,2950262; -0,7247518; -0,6674515; 0,6567139; -0,2316207
1,166168; -0,2272506; -0,1574272; 0,4893985; 0,1207329; -0,01947047; -0,392508
0,2561138; -0,4920613; 0,8713436; 0,6519198; 0,1222057; 0,03126817; 0,484562
-0,8856633; 0,893959; 0,08161002; -0,08767557; 0,9251488; 0,2635987; 0,0109382
0,1047552; 0,1657699; 0,2100922; -0,7271097; 0,613249; -0,1979399; 0,1561189
-0,3918979; -0,5022677; 0,1001875; 0,7249827; 0,2188884; -0,7374699; -0,2966833
0,435318; -0,1021217; -1,098782; 0,721705; -0,5554463; 0,9524697; 0,5091556
0,7691354; 0,6354777; 0,6154311; -0,8239746; -0,01709694; -0,05637299; 0,9228881
#
-0,449398; -1,22942; 0,9964637; 0,1289513; -0,06841071; -0,2424034; 0,3460755; 0,7761961; 0,8476962; 0,2574829
0,5159187; -1,220011; -0,6222441; -0,6134862; 0,3455009; -0,6429836; -0,7693216; 0,05541039; -0,1302087; 0,1133068
-0,8785991; -0,01416338; 0,1613098; -0,8433996; 0,7986913; 0,2347736; -0,3909897; 0,9412929; 0,4133928; -0,6629393
0,9438013; 0,2867418; 0,9384813; -0,6888056; -0,8050364; 0,2280421; -0,4196993; -1,440414; 0,4516308; -0,5034767
-0,4340532; 0,8467665; 0,5013679; 0,2985031; -0,5069201; -0,3070937; 0,9933777; -0,06006905; -1,036623; -0,5303985
-1,730944; 0,8206798; 0,1050586; -0,2936239; 0,200063; -0,8104184; 0,5902318; 0,02523901; -1,219407; 1,095738
-0,3229209; 0,7890599; 0,1129574; 0,8169779; 1,448906; 1,173327; 0,02168107; -0,1766411; 0,1047516; -0,08776695
0,6152527; 0,1011579; 0,951759; 0,6667708; -0,8918853; 1,186091; 0,5558277; -0,7873359; -0,748269; 0,1839664
-0,7056471; -0,2319961; -0,03790832; -1,129435; -0,512509; -0,0992638; -0,4050761; -0,7922492; -0,5671852; 0,5853169
#
0,05145667; 0,5551963; -0,2593814; 0,2027428; 0,3694165; 0,5789322; 0,5155245; -0,1231714; 0,334239; -0,5438246
-0,3263224; -0,05168587; -1,171617; -0,5296044; -1,205391; 0,3917052; -1,220977; 0,5718663; 0,4399202; -0,9749416
