6;8;8;8;8;2
-1;1
#
-0,1960482; 0,4244643; -0,6977813; 0,1818902; 0,8419256; 0,01314491; -0,04360814
0,5983614; -0,09621093; -0,1451854; -0,05228608; -0,6958042; 0,8321033; 0,1470908
0,01156884; -0,9934675; 0,1365488; 0,436741; -1,194798; -0,1088517; -0,9270213
0,7788465; 0,5249144; -0,8201421; 0,2913817; 0,6815062; -0,7965229; -0,7361869
-0,9778345; 0,7867598; 0,5954111; 0,2588551; -0,6479561; -0,1119092; 1,035181
0,6714813; 0,6343988; -0,01789411; 0,2841493; -1,128597; -0,4624053; 1,140918
1,123296; -0,3534541; -0,977095; 0,1758026; -0,2363452; -0,07980663; -0,6964635
0,006880164; 0,3131955; -0,6857248; -0,5396983; -0,6414689; -0,6261671; 0,5309638
#
-0,3518693; 0,03173556; -1,128231; 0,2156464; 0,5754849; 0,3608142; 0,9973105; -0,5216337; 0,7562633
-0,5247437; 0,7975155; 0,884761; 0,4207713; -0,7112569; -0,6249434; 1,301429; 0,2932028; 0,1896598
0,6819115; 0,3657731; -0,04911248; -0,1289257; 0,1538744; -1,29858; -0,8067752; 0,9786652; -0,2799897
0,5909868; 0,07784086; -1,023358; 0,6811109; -1,153732; -0,2101013; -0,5262613; 0,6436459; -0,8716873
-0,8415295; 0,5712155; -0,4387557; 0,2421557; 1,206837; -0,4786672; 1,002416; -0,7659011; 0,5360592
-1,029116; -0,650725; -1,020882; -0,4841413; -0,4958688; 1,208745; 0,3913484; -0,8294238; -0,09813218
-0,2721676; 0,2790245; -0,4209149; -0,5313777; -0,2110081; -0,4904991; 0,1843726; 0,4300651; -0,1061225
-0,4945416; -0,126883; 0,8907067; 0,8826249; -0,8477118; 0,6436899; -0,01623403; 0,6032726; 0,163606
#
0,8223855; -0,1535295; 0,06726336; -0,02095179; -0,5728395; -0,9222696; 0,5195758; 0,07480315; 0,2028174
-0,1214162; 0,2529371; -0,52211; 0,5463021; 0,7141119; 0,081406; 0,4711687; -0,301697; 0,19061
-0,6272863; 0,03931325; -0,3475022; -0,2431635; 0,6067873; 0,8535058; 0,08968956; 0,4472508; 0,7585578
-0,01960763; 0,460394; -0,2591866; -0,08430972; -0,3040953; 0,8669407; 0,4867496; -0,1269251; -0,2035535
0,604252; -1,322164; -0,2642576; 0,8481756; -0,578438; 0,04981294; -0,1637503; 1,000249; -0,8041798
-0,9515257; -0,2795582; 0,3439572; -0,2253705; 0,8467449; -0,2840018; 0,6796473; 0,810595; 0,7680692
0,2168488; -0,3446479; -0,486386; 0,2712796; -0,01054563; -0,6808151; -1,26064; -0,09097645; -0,7135463
1,255238; -0,6572747; 0,2297546; -0,2607698; -0,01945622; -0,4842182; -0,4674102; -1,047375; -0,6045498
#
0,02022082; 0,678519; 0,2392682; -0,4939352; -0,6404042; 0,03621918; -0,1351865; 0,7023472; -0,2313592
0,7306855; -0,07402635; -0,59755; -0,5392106; -1,158748; -0,05771783; -0,1041522; 0,5716701; -0,2404258
-0,8190364; -0,507457; -0,991999; -0,0709843; -0,5813771; 1,301082; 0,9676521; -0,4437386; -0,6729401
-0,3340828; -0,4087046; -0,2496508; 0,239921; -0,6191931; -1,041153; 0,1076768; 0,6978955; 1,092418
0,5435908; -0,2237439; -0,6245765; 0,9332034; 0,2431418; -0,5314838; 0,0561262; 0,3528785; 0,1794415
-0,2960089; -0,2937897; -1,210008; 0,8453095; -0,754648; -0,1339352; -0,5960906; -0,2945293; 0,3506123
-0,2723991; -0,01098368; 0,329579; -1,063367; -0,784638; 0,6007598; 0,5921261; 0,09137519; -0,412815
-0,3590141; 0,05513887; 0,7871211; 0,6154728; 0,3011442; -0,6906221; -0,3495288; 1,192093; -0,327841
#
0,3537242; -0,2382716; -1,338921; -1,000758; 0,3619626; 0,552348; 0,2031079; 0,4420357; -0,5362986
0,1714888; 0,2540716; 0,3892694; -0,2702262; -0,2420596; -1,25699; -0,6201003; -0,07925552; 0,1764996
