6;9;9;2
-1;1
#
-1,248278; -0,7882586; 0,5599827; 0,1007513; 0,619997; -0,8347395; 0,4174182
-0,152019; 0,3960274; 1,36331; 0,1066311; -0,9573743; 0,7197362; 0,2070577
1,191108; -0,227334; 0,4154576; 0,799183; -0,1949374; 0,1137885; 1,43738
-1,259896; -1,345294; 0,7549024; 0,3249021; -0,1384118; -0,5672686; -0,02098729
-0,3352624; 0,1329386; -0,9241819; -0,6065944; 0,3601908; 0,06126946; -0,8487142
-0,9131335; -0,884955; -0,3312992; 1,182094; -0,586628; -0,6856934; 0,2506781
-0,7449309; 0,9278644; -2,513048; -0,5044147; -1,493964; 0,6206945; 0,2614444
-1,137248; 0,8166235; 0,6153724; 0,2063029; 0,1379022; 0,3872162; 0,8666529
0,7033748; -0,4502211; 0,2078199; 1,910485; 1,025205; -1,410297; -0,08483686
#
1,349772; -0,4734443; -1,072629; -0,5453231; 0,05138953; 0,400105; 1,850328; -0,4366096; -0,02444024; 0,04794221
-1,540379; -1,102316; -0,01274934; 1,414815; -0,5755908; 0,1995416; 0,3707925; 0,227426; 1,401275; 0,7769699
0,9459196; 1,283139; 0,07767731; -0,6472939; 1,653916; -0,875405; -0,1662812; -0,06579344; -1,164585; -0,5144995
0,3049028; 1,259184; 0,4254292; -0,965318; 0,3301993; -0,05966242; -0,6702124; 0,9204017; -0,1116287; -0,4767441
-0,4942203; -0,8137818; -0,8359364; 0,3126892; -1,204404; -0,2902917; -0,5677432; 0,7012902; 1,349385; -0,4091791
1,815061; 0,4852936; 1,719721; 0,3166772; -1,163539; -0,228317; 0,8889644; -0,09447481; -0,1807641; -1,393066
0,8964559; 0,1234735; 0,4940159; 0,4423941; -0,2696976; 0,01325051; -0,2112403; -0,685211; 0,1964829; -1,175849
-0,3888668; 0,9511177; 0,5071742; 0,06680223; -0,8751861; -0,4145482; -0,4234217; 0,8463587; -0,3268272; -0,7033138
1,19585; 0,349858; -0,01115238; -0,05622037; 0,08777617; -0,2326102; 0,05257551; -0,1020468; 1,307057; 0,8667014
#
-0,4374; 0,1021619; -0,9992944; 0,8351243; -0,05091783; 0,9714773; 0,8914822; -1,376927; 0,05894978; -1,673476
-0,1690012; 1,206612; -1,01234; -0,8497141; 0,8088773; -0,4626131; 1,348265; 0,4092219; -0,9649919; -0,9587182
