6;9;9;2
-1;1
#
-2,280907; -0,9641229; 1,249166; 0,185755; 1,00321; -0,4151787; 0,560454
-0,3871884; 0,8503197; 1,085122; 0,4747085; 0,001476333; 0,5088366; -0,508809
1,052503; -0,3240212; 0,04655567; 1,281335; 0,2055394; -0,4401131; 1,414406
-1,211396; -1,319642; 0,8116221; 0,5674588; 0,3622462; -0,9097862; 0,8458214
0,5005466; -0,01130025; -1,078102; -0,4862913; -0,2051886; -0,1179644; -1,932134
-1,263172; -1,41734; -0,1733925; 1,435295; -1,574854; -0,3963493; 0,6015488
-0,3459564; 2,127264; -0,7626281; -0,1172228; -1,083417; 0,7724591; 0,8745002
-0,4532509; 0,4248666; 0,06023785; 0,8366858; 0,3096349; -0,161857; 0,5369856
1,164565; -1,165755; 0,2925949; 1,463176; 0,892176; -1,565677; -0,7119505
#
1,696109; -0,830074; -0,1511482; -1,945051; -0,198091; -0,4916627; 0,4588697; -0,2215715; -0,3694524; -0,09722482
-0,8333874; -0,7016917; -0,6711099; 1,618837; -0,8328473; 0,5285167; -0,01307137; 0,5863631; 0,7285078; 1,12047
1,076598; 0,8494589; 0,08263986; -1,343441; 1,450625; -1,559422; 0,3152319; -0,6508929; -0,9977173; -0,9821443
-0,05440562; 0,7966744; 0,6690377; -0,7473128; 0,7095287; -0,06792045; -0,7636354; 0,8067383; -0,2613245; -0,3418679
-0,9564278; -0,6179737; -1,115562; 1,210413; -0,8896873; -1,364484; 0,4198676; 1,216078; 1,245235; 0,198148
1,428834; -0,3470647; 1,419323; -0,7330289; -0,5183372; 0,4880455; -0,02522247; 0,2938352; -0,8001738; -0,5980568
1,168133; 0,0228683; 0,5082989; 0,3479005; 0,6998338; -0,352879; -0,2007154; -0,5958093; -0,5035738; -0,1673414
0,2304121; 0,6505912; 0,973166; -0,154151; -1,002983; 0,2040993; -0,5158433; 0,4245939; -0,536806; -0,7109562
0,7216815; 0,7119181; -0,2946462; 0,5966938; 0,08873264; 0,3876271; 0,4254051; -0,5815514; 1,035792; 1,098374
#
-1,625704; 0,3916624; -0,9818251; 2,250882; 0,4168012; 1,129202; 1,015462; -0,8526113; -0,1108076; -0,5567592
-0,3204096; 0,5515584; -0,7653466; -0,9184698; 0,5744551; 0,1103581; 1,272818; 0,7124462; -1,086161; -1,100924
