6;8;8;8;8;2
-1;1
#
-0,1328304; -0,005572833; -0,3921314; 0,04315728; -0,3278964; -0,6641826; 0,9436811
0,5219962; 0,2423775; 0,4699285; 1; -0,9104586; -0,7045317; -0,1435718
-0,571451; 0,05534203; -0,4808172; 0,5254365; 0,7750871; -0,673158; 0,1427553
0,8379394; 0,0503071; -0,8482894; 0,2757244; -0,02675696; -1; 0,804072
0,3087984; -0,3608713; 0,3252725; -0,8905021; 0,07701073; -0,3483669; 0,5828846
-0,279017; 0,04720563; -0,3582378; -0,1057748; -0,6586909; -0,8740715; -0,2950675
-1; 0,01909293; 0,9426644; -0,03985196; 0,09277616; -0,0001584216; -0,1804856
0,6768761; -0,4517683; -1,069776; -0,1845148; 0,9449161; -0,5907209; -0,03422982
#
0,601836; -0,1858405; -0,04586733; -0,5588504; -0,1744253; 0,1084281; 0,9368664; 0,63545; 0,9931546
-0,0171125; 0,677087; 0,8557518; 0,02939247; 0,3164217; 0,1582721; 0,5591114; 0,1027189; -0,2373363
0,7741837; 0,5964385; 0,8494368; -0,2400104; -0,08334364; -0,3085999; 0,4995836; 0,2338347; -0,3629972
-0,7191072; -0,605185; -0,2189331; -0,2659983; 0,295328; -1; 0,2200373; 0,8755114; 0,9253164
-1; 0,1268718; 1,016326; 0,2993248; -0,001157463; 0,9803667; 0,8990525; 0,5325981; -0,5131837
0,4200289; -0,1708639; -0,4992937; 1; 0,6370066; -0,3824382; -0,6896636; 0,4269418; 0,8607942
0,01190542; -0,9694108; -0,4597647; -0,6944792; 0,4773494; -0,443598; 0,7357661; 0,3275749; 1,069118
1; 0,1638709; -0,6788482; 1,013604; -1,045117; -0,761413; 0,3371695; 0,922397; 0,3509203
#
0,9340479; 0,8009346; 0,180036; 0,3366745; -0,5014826; -0,8760385; 0,6902737; 0,8101501; -0,6570185
-0,16536; -0,1645922; 0,6467723; -0,2688769; -0,9345211; 0,3191422; -0,08722308; 0,8380453; -0,1701694
0,5590544; 0,7048064; -0,8820325; 0,2954128; 0,09452357; 0,3198221; 0,8215802; -0,5382629; -0,9831387
0,05828711; 0,5461254; 0,3442165; 0,1794879; 0,5284201; -0,6993075; -0,2256244; 0,6777077; 0,9319813
0,5583139; -0,1120542; -0,7556025; 0,8115791; 1; 0,9217175; -0,7718678; -0,254146; -0,4779256
0,7598776; 0,5039678; -0,125862; 0,82342; 0,1238149; -0,2792028; 0,04901825; -0,3123599; -0,2828116
-0,8677158; -0,4967153; -0,1921275; -0,6354946; -1; -0,9804903; 0,1907903; 0,05856045; -0,7122434
-0,4060277; 0,2578368; 0,1227669; -0,05276266; -0,1535744; 0,6474987; 0,6785292; -0,9982529; -0,7797606
#
0,1990445; -0,9047014; -0,09383731; -0,3677877; -0,4236067; 0,2764921; -0,9620788; -0,138717; 0,1663271
0,5711678; 0,9191523; -0,3425665; -0,5714587; 0,8808515; -1,014007; -0,3639683; -0,3535844; -0,5799429
-0,9219862; -0,1567812; 0,607407; 0,1307944; -0,3571414; 0,6893085; -0,9276631; 1; 0,3540533
-0,05640237; -1; -0,6876004; -0,5268095; 0,5997698; 0,5525577; -0,3799133; -0,4737164; -0,8485742
-0,1356819; 0,7037523; 0,5184435; 1; 0,9848409; 0,665292; -0,9969734; -0,02591468; -0,1786329
-0,5893621; 0,4596102; -0,9108043; -0,2594128; -0,3587734; 0,5524415; 0,2733431; -1,00879; -0,2489953
0,9063007; -0,7660897; 0,05245958; -0,9041901; -0,8061368; 0,7128153; -0,8675093; -0,7350155; 0,5915834
-0,4542524; 0,902874; -1; 0,1309258; -0,2212877; -0,5330387; -0,8471663; -1,07603; 0,4171406
#
0,2652521; -0,485813; -0,2194968; 0,94313; 0,4661011; 0,1115989; 0,9105565; 0,7075471; 0,4545112
-0,8491705; 1; -0,7478141; 0,2926236; -0,4486113; 0,8596746; 0,8938816; -0,9399443; -0,2351106
