6;8;8;8;8;2
-1;1
#
-0,5062141; -0,1248817; -0,9299169; 0,1041232; -0,4328751; -0,1431372; 0,8783777
0,5827116; 0,04231699; 0,7051711; 0,8696373; -0,7215481; -0,6654416; -0,4976233
-0,4426272; 0,21515; -0,0987358; 0,5917149; 0,8440251; -0,9944724; 0,1716929
1,082724; -0,07646804; -0,858366; 0,1973349; 0,101918; -1,033555; 0,8813439
0,2536603; -0,7386127; 0,4917248; -0,9082108; 0,2173449; -0,4517251; 0,9729953
-0,6959063; 0,01619168; -0,8474816; -0,3290697; -0,6574844; -0,8233169; -0,1645862
-1,025422; 0,0640195; 0,9628149; -0,05282233; 0,09202909; -0,0001584216; 0,07800971
0,8133208; -0,4000197; -0,9960694; 0,1087469; 1,107339; -1,083215; 0,0961175
#
0,6323718; -0,1465124; 0,2038871; -0,09732459; -0,4068148; 0,2124674; 1,423296; 0,6906617; 0,5769674
-0,0531251; 0,6683373; 0,7057516; -0,06787224; 0,09695661; 0,1414433; 0,7984557; -0,0593954; 0,0894849
0,4651445; 0,5375252; 1,088087; 0,01128909; 0,04684149; -0,4448501; 0,4411172; 0,1338936; -0,1778732
-0,5759435; -0,6590818; -0,326295; -0,4696154; 0,5485212; -0,4250901; 0,4909251; 0,6766173; 0,6745411
-0,6604034; 0,5745292; 1,49557; 0,3569936; 0,03306829; 0,9073431; 0,9711943; 0,7115712; -0,3454725
0,02043705; -0,2087502; -0,5220412; 0,8733227; 0,7712414; -0,1686251; -1,013545; 0,3184206; 1,135694
0,102681; -1,005395; -1,153584; -1,24819; 0,4033155; -0,1831704; 1,037511; 0,2958471; 0,8490654
0,8930869; 0,3398319; -0,4181255; 1,118309; -0,9549261; -0,9981729; 0,08591447; 0,7878329; 0,7874339
#
1,17989; 0,9763137; 0,1946988; 0,07657851; -0,6614582; -0,9755449; 1,17629; 0,8035079; -0,6059812
-0,414277; -0,1629136; 0,9519574; -0,5041271; -1,118051; -0,06364236; -0,01575309; 0,8015044; 0,1280228
0,5666591; 0,5321655; -0,6834825; 0,1171174; -0,1733282; 0,1121986; 1,17694; -0,03296775; -0,8983716
-0,1380975; 0,6497478; 0,317499; -0,177867; 0,4304442; -1,143429; -0,1715916; 0,08393184; 0,9195373
0,777464; 0,4477347; -1,412725; 1,103971; 0,9762169; 0,8731858; -0,5459815; 0,09796144; -0,6822006
0,6054507; -0,01636416; -0,460156; 0,7316577; -0,3784859; -0,2627517; -0,2723129; -0,0747041; 0,04147045
-0,4616308; -0,3096657; 0,1268114; -0,7923934; -0,8630193; -0,8153587; 0,1348223; 0,2002306; -0,5725737
-0,07614823; 0,3305916; 0,3200715; 0,103009; -0,3198804; 1,064264; 0,6492038; -1,042091; -0,6441326
#
0,170725; -0,9340904; -0,1421145; -1,055778; -0,5647674; 0,3837795; -0,8160179; 0,2828206; 0,5269013
0,3535622; 0,3740266; -0,4434513; -1,043895; 0,219988; -1,912387; -0,2844584; -0,4625122; -0,7163164
-1,135395; 0,01205178; 1,387336; 0,4604626; -0,818265; 0,5173882; -0,8138632; 0,7950466; 0,3937728
-0,09960775; -1,4134; -0,6211848; -0,3750921; 0,4235441; 0,4835402; -0,2812943; -0,6087644; -0,9588129
0,3263387; 0,3080096; 0,4832829; 0,8354777; 1,011912; 0,6697266; -1,071015; -0,4299445; -0,08102354
-0,7462539; 0,6087609; -1,164269; -0,003701091; -0,247864; 0,7742735; 0,3502945; -0,9748847; -0,2546874
1,13484; -0,9797307; 0,2033646; -0,500051; -0,6604892; 0,6920417; -0,8998653; -1,064951; 0,8452009
-0,173402; 1,131436; -0,9646634; 0,5126517; -0,01506694; -0,3153292; -0,7571582; -1,236839; 0,2348324
#
0,5642341; -0,3504879; -0,02737671; 1,372917; 0,204359; 0,05970164; 0,7353051; 0,8794871; 0,1664909
-0,6742507; 0,6778545; -0,9118814; 0,4680417; -0,2747094; 1,039047; 0,9692317; -0,9628365; -0,20144
