6;8;8;8;8;2
-1;1
#
-0,3750026; -0,01036841; 0,5761635; -0,6407833; 0,3346135; -1,273791; -0,6012517
0,3445394; 0,6031284; 0,03751904; 0,0970906; 0,1413127; 0,8120486; 0,6903598
-0,9838716; 0,4528756; 0,8525788; -0,5922791; 0,2244998; -0,5214481; -0,4875439
-0,07395552; 0,4053749; 0,00514406; 1,288315; 0,1329441; -0,4477234; -0,650378
0,07879184; -0,8210506; -0,7190711; 0,7454196; 0,3736999; 1,407635; -0,07204521
-0,7483647; 0,391077; -0,5413365; 0,6796558; 0,7987168; -0,2970385; -0,5016884
-0,5633234; 0,4617229; -1,026514; -0,2090184; -1,076547; -0,2644759; -0,185977
-1,309743; -0,1403515; 0,7427318; 0,9604254; -0,2331526; -0,3206804; 0,1729687
#
0,922038; -0,2877358; 0,9577613; -0,6662045; 0,2240323; 0,4302231; 0,9902592; 0,1346751; -0,7330348
0,3546793; 0,8214152; 0,2905612; 0,7197897; -0,09294999; 0,3021398; -0,1544053; 0,7946293; 0,4885312
0,8614194; -0,6169803; -0,4467815; 0,2685103; 0,9025239; 0,8719892; 0,00321611; -0,2315024; 0,1120655
-0,2337197; 0,4961949; -0,04583371; 0,5269417; 0,5604165; -0,2665735; 1,235481; 0,8320907; -0,7387193
-1,039376; -0,5084252; 0,04600155; 0,1916858; 0,3067581; -0,6638632; -0,05360733; 0,3008376; 0,7019965
-0,7661061; 1,103483; 1,276773; -0,6337083; 0,8080171; -0,4671075; 0,5697117; -0,6676021; 0,07240108
0,4636902; 0,9974856; -0,6867507; -1,139457; 0,3566591; 0,7787234; -0,1228588; 0,3584066; -0,007151194
-0,9750488; -0,796653; -0,6765881; 1,015792; 0,5994802; 0,2210788; 1,457936; 0,4148681; -0,3619303
#
0,5294971; -1,040419; -0,2599562; -0,1051707; 0,5614709; 0,044895; 0,5891089; 0,6907899; -1,066407
0,9811145; 0,3871903; 0,1286765; 0,5236931; 0,05167386; -0,1177242; 0,03049073; 0,2069291; 0,4351693
-0,283289; -0,84887; -0,5812007; -0,6074396; 0,03016565; -0,6999689; -0,520824; 0,1356824; -0,2821269
-0,1628732; -0,07587631; -0,5524021; -0,8472724; 0,5435429; -0,9271458; -0,2933696; -0,4174428; 0,363797
-0,3435663; -0,2742451; 0,1984663; -0,7599809; 0,3286215; 0,6776614; 0,5976881; 0,4035683; -0,6639726
-0,9275954; 0,4554895; -0,6627706; 0,5163968; -0,1058948; 0,2865476; -0,7355785; 0,7011188; -0,4848579
0,5105121; -0,8843774; -1,03507; 1,156659; 0,8440883; 0,1904725; -0,7437921; -0,8166502; 0,1001509
0,04569661; -0,198958; 1,205823; -0,4183788; -0,6776226; -0,9715409; -0,9398996; -0,7481393; 0,1488358
#
0,07440592; -0,6605358; 0,8681568; 0,1200388; -0,3725662; 0,6870225; 0,7419367; -0,2186504; -0,2574587
1,083629; -0,3789225; -0,3837216; -0,6756516; -0,3370261; -1,03287; 0,8444473; -0,9424405; -0,7257164
-0,869941; -0,4868657; 0,3565453; 0,2870241; -0,05269837; 0,7177129; -0,7582378; 0,6708128; 1,238962
-0,8033693; 0,696654; 0,03674543; 0,3012037; 0,1089023; 0,544848; -0,4249245; 0,6715932; -0,7314487
0,3184248; -0,144611; 0,6330425; -0,563045; 0,5837904; -0,2760587; -0,576609; 0,2336038; 0,3207286
0,3473871; -0,8360896; 1,221297; 0,7211509; -0,8590775; 0,6682074; 0,9270236; 0,7461402; -0,1988184
-0,7097911; -0,3214609; 0,287323; -0,8724496; 0,4579751; -0,2549528; -0,6319472; -0,9613705; 0,1655035
0,6895629; 0,7160776; 1,097301; -0,08555228; -0,4346194; -0,5846372; -1,11819; -0,9565914; 0,3567648
#
0,03049743; -0,3994526; -0,6991079; 0,5000137; -0,6010543; -0,3346915; -0,8257898; -0,9370723; 0,1553108
-0,7532468; -0,792811; -0,8425763; 0,8630269; -0,8228224; 0,466197; -0,8226663; -0,8833852; -0,7527735
